1e-05	0.6461950930253038
1.0123291176151234e-05	0.6461950930193497
1.0126346263013662e-05	0.6461950930193497
1.0126422343825271e-05	0.6461950930193497
1.0010070533567096e-05	0.6461950930248174
1.0010090802140345e-05	0.6461950930248174
1.0020181685809717e-05	0.6461950930243311
1.002020201571965e-05	0.6461950930243311
1.0040465225812959e-05	0.6461950930233584
1.0040465369554311e-05	0.6461950930233584
1.006081045445514e-05	0.6461950930223858
1.0060810701951654e-05	0.6461950930223858
1.0081238302466677e-05	0.6461950930214131
1.008123855204732e-05	0.6461950930214131
1.0290152632158743e-05	0.6461950930116865
1.0290166589936576e-05	0.6461950930116865
1.0507923147127205e-05	0.64619509300196
1.0507928622906244e-05	0.64619509300196
1.0735072948514515e-05	0.6461950929922334
1.073509237293166e-05	0.6461950929922334
1.0972257858440722e-05	0.6461950929825069
1.0972279493827797e-05	0.6461950929825069
1.1373761844277474e-05	0.6461950929669633
1.1373827627305968e-05	0.6461950929669633
1.1805832660525907e-05	0.6461950929514196
1.1805826190974494e-05	0.6461950929514196
1.2271854323623931e-05	0.6461950929358761
1.2271863300288383e-05	0.6461950929358761
1.2776072731733101e-05	0.6461950929203325
1.2776112798567901e-05	0.6461950929203325
1.3323408617120957e-05	0.6461950929047888
1.3323458961406719e-05	0.6461950929047888
1.3919585317961703e-05	0.6461950928892453
1.3919648961544483e-05	0.6461950928892453
1.457141263000332e-05	0.6461950928737018
1.4571494061580977e-05	0.6461950928737018
1.443558511402928e-05	0.6461950928768261
1.4435626312578948e-05	0.6461950928768261
1.4991143696505593e-05	0.6461950928644069
1.4991172625920087e-05	0.6461950928644069
1.5590949043155208e-05	0.6461950928519877
1.5590992410785882e-05	0.6461950928519877
1.6240509960392352e-05	0.6461950928395686
1.624056277343226e-05	0.6461950928395686
1.612684524538386e-05	0.6461950928416701
1.6126875270630037e-05	0.6461950928416701
1.6700676014197118e-05	0.6461950928313527
1.670069908208908e-05	0.6461950928313527
1.7316574531413843e-05	0.6461950928210353
1.7316606944451866e-05	0.6461950928210353
1.7979323391114697e-05	0.6461950928107177
1.7979362315356162e-05	0.6461950928107177
1.869441775717374e-05	0.6461950928004002
1.869446551839416e-05	0.6461950928004002
1.8545372752430497e-05	0.6461950928024858
1.8545396837348192e-05	0.6461950928024858
1.9147910924478732e-05	0.6461950927942538
1.9147926846737632e-05	0.6461950927942538
1.979053161509838e-05	0.646195092786022
1.9790554983390497e-05	0.646195092786022
2.0477339950137915e-05	0.6461950927777901
2.0477367191258438e-05	0.6461950927777901
2.121297994780677e-05	0.6461950927695581
2.121301258954004e-05	0.6461950927695581
2.1071642049642448e-05	0.6461950927710958
2.107165947590451e-05	0.6461950927710958
2.1701039408328053e-05	0.6461950927644015
2.1701051321359774e-05	0.6461950927644015
2.2368673657092203e-05	0.6461950927577071
2.2368690420416293e-05	0.6461950927577071
2.307808451318863e-05	0.6461950927510128
2.307810370646375e-05	0.6461950927510128
2.3833230466395283e-05	0.6461950927443186
2.383325297523456e-05	0.6461950927443186
2.3701028771485203e-05	0.6461950927454603
2.3701041521786117e-05	0.6461950927454603
2.4357946589235277e-05	0.6461950927399077
2.4357955630831585e-05	0.6461950927399077
2.5051620591202435e-05	0.646195092734355
2.5051632800072997e-05	0.646195092734355
2.578514891797268e-05	0.6461950927288026
2.5785162665243435e-05	0.6461950927288026
2.6561961346689126e-05	0.6461950927232499
2.6561977144002877e-05	0.6461950927232499
2.7385878598307754e-05	0.6461950927176973
2.738589678975201e-05	0.6461950927176973
2.7224355498779227e-05	0.6461950927187601
2.7224365058165015e-05	0.6461950927187601
2.791976638266432e-05	0.6461950927142702
2.791977241775894e-05	0.6461950927142702
2.8650628490583197e-05	0.6461950927097804
2.8650636856071332e-05	0.6461950927097804
2.9419620027812784e-05	0.6461950927052905
2.9419629158928844e-05	0.6461950927052905
3.022966869740832e-05	0.6461950927008007
3.022967891473673e-05	0.6461950927008007
3.1083992551294125e-05	0.6461950926963108
3.108400398207888e-05	0.6461950926963108
3.093285340737235e-05	0.6461950926970876
3.093285983192001e-05	0.6461950926970876
3.166829359910356e-05	0.6461950926933747
3.1668297812030545e-05	0.6461950926933747
3.2438135194616776e-05	0.6461950926896617
3.243814072817351e-05	0.6461950926896617
3.324470993143171e-05	0.6461950926859488
3.324471581888334e-05	0.6461950926859488
3.409053956397227e-05	0.6461950926822357
3.409054595073073e-05	0.6461950926822357
3.4978360713162576e-05	0.6461950926785229
3.4978367614418056e-05	0.6461950926785229
3.5911142761844076e-05	0.6461950926748099
3.59111501707426e-05	0.6461950926748099
3.5738446440411585e-05	0.6461950926754835
3.573845048432395e-05	0.6461950926754835
3.653040807025996e-05	0.6461950926724441
3.653041047493166e-05	0.6461950926724441
3.735612031109454e-05	0.6461950926694047
3.735612343726122e-05	0.6461950926694047
3.8217592206476e-05	0.6461950926663653
3.821759534794345e-05	0.6461950926663653
3.9116967446277e-05	0.646195092663326
3.911697065858989e-05	0.646195092663326
4.017652762776199e-05	0.6461950926599079
4.0176531744712515e-05	0.6461950926599079
4.129042763244995e-05	0.6461950926564899
4.1290426367247605e-05	0.6461950926564899
4.246241696638632e-05	0.6461950926530718
4.246241399990657e-05	0.6461950926530718
4.369653182517844e-05	0.6461950926496538
4.3696531111708876e-05	0.6461950926496538
4.4997104271296414e-05	0.6461950926462358
4.499710340720171e-05	0.6461950926462358
4.6368755313418405e-05	0.6461950926428178
4.6368754003546835e-05	0.6461950926428178
4.813407510323168e-05	0.6461950926386739
4.8134071712816556e-05	0.6461950926386739
5.0020474505064735e-05	0.64619509263453
5.002047093190167e-05	0.64619509263453
5.203791708129502e-05	0.6461950926303863
5.2037916360911376e-05	0.6461950926303863
5.419690776437787e-05	0.6461950926262424
5.419690468098139e-05	0.6461950926262424
5.650833895164553e-05	0.6461950926220987
5.65083343209163e-05	0.6461950926220987
5.898331517925655e-05	0.6461950926179548
5.898331033037298e-05	0.6461950926179548
6.163286972766102e-05	0.6461950926138109
6.163286501240058e-05	0.6461950926138109
6.446758677320856e-05	0.6461950926096672
6.446758332829436e-05	0.6461950926096672
6.749712776656962e-05	0.6461950926055233
6.749712703361106e-05	0.6461950926055233
7.07296588614978e-05	0.6461950926013796
7.072966266761537e-05	0.6461950926013796
7.011693021279285e-05	0.646195092602145
7.011693208352437e-05	0.646195092602145
7.28751004175593e-05	0.6461950925987667
7.287510283747294e-05	0.6461950925987667
7.577384891195001e-05	0.6461950925953883
7.577385336998993e-05	0.6461950925953883
7.881396722444171e-05	0.64619509259201
7.881397308236713e-05	0.64619509259201
8.199460911280566e-05	0.6461950925886317
8.199461594131235e-05	0.6461950925886317
8.531313500369639e-05	0.6461950925852532
8.531314238014614e-05	0.6461950925852532
8.876502512430518e-05	0.6461950925818749
8.876503170517815e-05	0.6461950925818749
8.934685487093803e-05	0.6461950925813177
8.934685490536159e-05	0.6461950925813177
8.993210343048456e-05	0.6461950925807604
8.99321033530166e-05	0.6461950925807604
9.052074221784786e-05	0.646195092580203
9.05207422791347e-05	0.646195092580203
9.11127355655865e-05	0.6461950925796458
9.111273555037364e-05	0.6461950925796458
9.170804576094397e-05	0.6461950925790885
9.17080457614492e-05	0.6461950925790885
9.230663426986072e-05	0.6461950925785312
9.230663427050682e-05	0.6461950925785312
9.396031637951626e-05	0.6461950925770068
9.396031640688588e-05	0.6461950925770068
9.563736194150264e-05	0.6461950925754825
9.563736210938723e-05	0.6461950925754825
9.733685054194099e-05	0.6461950925739582
9.733685077998496e-05	0.6461950925739582
9.905780621408262e-05	0.6461950925724339
9.905780642666255e-05	0.6461950925724339
0.00010079920366872668	0.6461950925709096
0.00010079920384609377	0.6461950925709096
0.00010255997512755262	0.6461950925693853
0.00010255997526608902	0.6461950925693853
0.00010509102415656408	0.6461950925672211
0.00010509102447132034	0.6461950925672211
0.00010765564760328816	0.6461950925650569
0.00010765564814136795	0.6461950925650569
0.00011025052177256405	0.6461950925628926
0.00011025052180277549	0.6461950925628926
0.00011287228911057047	0.6461950925607285
0.0001128722887010871	0.6461950925607285
0.00011551759990578175	0.6461950925585642
0.00011551759909235385	0.6461950925585642
0.00011818314773423312	0.6461950925564
0.00011818314659474898	0.6461950925564
0.00012233805526657644	0.646195092553053
0.0001223380494555089	0.646195092553053
0.00012652224070368128	0.6461950925497058
0.00012652223150058902	0.6461950925497058
0.00013072504189949445	0.6461950925463585
0.00013072504766253168	0.6461950925463585
0.00013493677195949215	0.6461950925430113
0.00013493677607369071	0.6461950925430113
0.00013914868399591895	0.6461950925396641
0.00013914868611355114	0.6461950925396641
0.00014335306323943187	0.646195092536317
0.00014335306630087398	0.646195092536317
0.00014754320408265988	0.6461950925329698
0.00014754320749204845	0.6461950925329698
0.0001527211412617391	0.6461950925288109
0.00015272114829216612	0.6461950925288109
0.0001578591348850378	0.6461950925246519
0.0001578591475379571	0.6461950925246519
0.00016294995930650385	0.646195092520493
0.00016294995901139825	0.646195092520493
0.00016798798183622523	0.6461950925163341
0.00016798798032151134	0.6461950925163341
0.0001729690092066099	0.6461950925121751
0.00017296901266518862	0.6461950925121751
0.0001778900278105943	0.6461950925080161
0.00017789003452215523	0.6461950925080161
0.00018274899016045758	0.6461950925038572
0.00018274899836406768	0.6461950925038572
0.00018754464417013574	0.6461950924996983
0.00018754465277328198	0.6461950924996983
0.000192276381308693	0.6461950924955393
0.00019227638963452702	0.6461950924955393
0.00019748976367053148	0.6461950924908905
0.00019748977399670174	0.6461950924908905
0.00020262364922764436	0.6461950924862415
0.0002026236489857463	0.6461950924862415
0.00020767896959898407	0.6461950924815927
0.00020767895811862078	0.6461950924815927
0.00021265700649292964	0.6461950924769438
0.00021265700153040546	0.6461950924769438
0.00021755934170936088	0.6461950924722949
0.00021755934003937189	0.6461950924722949
0.00022238771770970387	0.6461950924676461
0.0002223877163254393	0.6461950924676461
0.0002271439960793257	0.6461950924629972
0.00022714399486208862	0.6461950924629972
0.00023207695765717164	0.6461950924581015
0.00023207695649983995	0.6461950924581015
0.0002369344241416548	0.6461950924532058
0.00023693442319707984	0.6461950924532058
0.0002417187138133791	0.6461950924483103
0.00024171871576415946	0.6461950924483103
0.00024643213697579186	0.6461950924434146
0.00024643213967101606	0.6461950924434146
0.0002510769630334021	0.6461950924385189
0.0002510769651785131	0.6461950924385189
0.00025565541145573236	0.6461950924336232
0.0002556554131095997	0.6461950924336232
0.0002573526645912646	0.6461950924317906
0.0002573526646694819	0.6461950924317906
0.00025904102947892186	0.646195092429958
0.00025904102942335037	0.646195092429958
0.00026072061708033186	0.6461950924281253
0.00026072061708532797	0.6461950924281253
0.0002623915360024891	0.6461950924262927
0.00026239153599269896	0.6461950924262927
0.0002640538930917956	0.64619509242446
0.00026405389308375836	0.64619509242446
0.0002666032088504301	0.6461950924216313
0.000266603208275257	0.6461950924216313
0.00026913276045284923	0.6461950924188027
0.0002691327576634611	0.6461950924188027
0.0002716429178235504	0.6461950924159741
0.0002716429144644016	0.6461950924159741
0.0002741340470221346	0.6461950924131453
0.0002741340436509239	0.6461950924131453
0.00027918143883198993	0.6461950924073481
0.0002791814218559885	0.6461950924073481
0.0002841533264801803	0.6461950924015509
0.00028415333549434936	0.6461950924015509
0.00028905259695043996	0.6461950923957539
0.00028905260679167846	0.6461950923957539
0.0002938819190813901	0.6461950923899568
0.00029388192087091095	0.6461950923899568
0.0002986438277978073	0.6461950923841595
0.00029864382971057674	0.6461950923841595
0.0003082264647129002	0.6461950923722485
0.0003082264833421722	0.6461950923722485
0.00031755414716423376	0.6461950923603375
0.0003175541634639524	0.6461950923603375
0.00032664444223144825	0.6461950923484263
0.0003266444189127695	0.6461950923484263
0.00032290902914634074	0.6461950923533571
0.00032290902425782613	0.6461950923533571
0.00032818562387513524	0.6461950923463771
0.0003281856271366059	0.6461950923463771
0.000333387028450127	0.6461950923393969
0.000333387032631304	0.6461950923393969
0.00033851611835658996	0.6461950923324167
0.00033851612299550047	0.6461950923324167
0.0003435756122004218	0.6461950923254366
0.00034357561653499996	0.6461950923254366
0.0003516967161809001	0.646195092314035
0.0003516967324667313	0.646195092314035
0.0003596493320452618	0.6461950923026336
0.00035964933256356384	0.6461950923026336
0.0003674429209901581	0.6461950922912323
0.0003674428952527623	0.6461950922912323
0.0003750860936095851	0.6461950922798307
0.00037508608716857987	0.6461950922798307
0.0003825868630184432	0.6461950922684293
0.00038258685931779295	0.6461950922684293
0.00038995252078061416	0.646195092257028
0.00038995251747639566	0.646195092257028
0.0003933301728583937	0.6461950922517314
0.00039333017255323863	0.6461950922517314
0.0003966807639814978	0.6461950922464348
0.00039668076430601366	0.6461950922464348
0.00040000490499074074	0.6461950922411384
0.0004000049053411903	0.6461950922411384
0.0004033031860640016	0.6461950922358418
0.0004033031864562288	0.6461950922358418
0.000406576177280309	0.6461950922305453
0.00040657617765098514	0.6461950922305453
0.00041497326145678744	0.6461950922167713
0.00041497327037459664	0.6461950922167713
0.0004232120548565312	0.6461950922029974
0.00042321208738394704	0.6461950922029974
0.0004313009234925814	0.6461950921892236
0.00043130095721108125	0.6461950921892236
0.00043924749452520034	0.6461950921754496
0.00043924752373576627	0.6461950921754496
0.00044705879546076915	0.6461950921616757
0.00044705882080582144	0.6461950921616757
0.00045600653536956206	0.6461950921456117
0.00045600657094744195	0.6461950921456117
0.00046478855037781976	0.6461950921295476
0.0004647885940808593	0.6461950921295476
0.00047341350976950585	0.6461950921134838
0.0004734135452563758	0.6461950921134838
0.00048188933551793315	0.6461950920974198
0.00048188936634738005	0.6461950920974198
0.0004902233386578199	0.6461950920813557
0.000490223365328504	0.6461950920813557
0.0005000748961066523	0.6461950920620225
0.0005000749373197875	0.6461950920620225
0.0005097415537264578	0.6461950920426891
0.0005097416073311372	0.6461950920426891
0.0005192331781813091	0.6461950920233559
0.0005192332212645393	0.6461950920233559
0.0005285587559137815	0.6461950920040227
0.0005285587931051133	0.6461950920040227
0.0005377265684858109	0.6461950919846894
0.0005377266004606322	0.6461950919846894
0.0005478165476357397	0.6461950919630362
0.0005478165868326953	0.6461950919630362
0.00055772801392458	0.646195091941383
0.0005577280580145847	0.646195091941383
0.0005674699995289477	0.6461950919197298
0.000567470035472271	0.6461950919197298
0.0005770507821919885	0.6461950918980767
0.0005770508133653954	0.6461950918980767
0.0005864780112707213	0.6461950918764235
0.000586478038229864	0.6461950918764235
0.000596837610090054	0.6461950918522316
0.0005968376430652151	0.6461950918522316
0.0006070234370229909	0.6461950918280396
0.0006070234741075513	0.6461950918280396
0.0006170438696534627	0.6461950918038476
0.0006170439000906257	0.6461950918038476
0.0006269066175187207	0.6461950917796557
0.0006269066440671405	0.6461950917796557
0.0006366188282284193	0.6461950917554636
0.0006366188513157128	0.6461950917554636
0.0006473652251588189	0.6461950917282684
0.0006473652541013743	0.6461950917282684
0.0006579384596667995	0.6461950917010731
0.0006579384927876567	0.6461950917010731
0.0006683465809069176	0.6461950916738779
0.000668346608182195	0.6461950916738779
0.0006785970171702415	0.6461950916466828
0.0006785970410677662	0.6461950916466828
0.0006886966725357405	0.6461950916194875
0.0006886966934036933	0.6461950916194875
0.0006999320581930092	0.6461950915887673
0.0006999320848610924	0.6461950915887673
0.0007109917950767717	0.6461950915580471
0.0007109918260069874	0.6461950915580471
0.0007218838264443104	0.646195091527327
0.0007218838519799772	0.646195091527327
0.0007326154980697562	0.6461950914966068
0.0007326155205176322	0.6461950914966068
0.0007431936498359603	0.6461950914658867
0.00074319366949813	0.6461950914658867
0.0007550054605182821	0.646195091431068
0.0007550054859869869	0.646195091431068
0.000766636837819215	0.6461950913962494
0.000766636867637017	0.6461950913962494
0.0007780957711643114	0.6461950913614309
0.0007780957958314071	0.6461950913614309
0.0007893896605777438	0.6461950913266123
0.0007893896823163521	0.6461950913266123
0.0008005254058765385	0.6461950912917936
0.0008005254249615918	0.6461950912917936
0.0008129926057010704	0.6461950912522374
0.0008129926306606336	0.6461950912522374
0.00082527276002106	0.6461950912126813
0.0008252727894383699	0.6461950912126813
0.0008373740162353613	0.646195091173125
0.0008373740406107694	0.646195091173125
0.0008493039297568733	0.6461950911335687
0.0008493039512796264	0.6461950911335687
0.0008610695526373423	0.6461950910940124
0.0008610695715666262	0.6461950910940124
0.0008742671475239602	0.646195091048998
0.0008742671724546045	0.646195091048998
0.0008872695249023956	0.6461950910039836
0.0008872695544297198	0.6461950910039836
0.000900085078962843	0.6461950909589691
0.0009000851034614179	0.6461950909589691
0.0009127216012665833	0.6461950909139547
0.0009127216229303735	0.6461950909139547
0.0009251863701654907	0.6461950908689403
0.0009251863892453824	0.6461950908689403
0.0009391881608190871	0.6461950908176503
0.000939188186081356	0.6461950908176503
0.0009529851540805866	0.6461950907663605
0.0009529851841109763	0.6461950907663605
0.0009665860661905015	0.6461950907150704
0.0009665860911326759	0.6461950907150704
0.000979998993602323	0.6461950906637806
0.000979999015684282	0.6461950906637806
0.0009932315042804271	0.6461950906124906
0.0009932315237499996	0.6461950906124906
0.0010081118598385848	0.6461950905539949
0.0010081118857214646	0.6461950905539949
0.001022776512766908	0.6461950904954993
0.001022776543621944	0.6461950904954993
0.0010372345685135986	0.6461950904370035
0.0010372345941624082	0.6461950904370035
0.001051494490008051	0.6461950903785078
0.001051494512736764	0.6461950903785078
0.0010655641917457779	0.646195090320012
0.0010655642118031034	0.646195090320012
0.0010813992844642879	0.6461950902532495
0.0010813993112125905	0.6461950902532495
0.0010970064819447137	0.6461950901864869
0.0010970065139013954	0.6461950901864869
0.001112395341263458	0.6461950901197243
0.0011123953678461947	0.6461950901197243
0.0011275747492517354	0.6461950900529617
0.0011275747728255595	0.6461950900529617
0.0011425530201653559	0.6461950899861991
0.0011425530409829932	0.6461950899861991
0.0011596220259457546	0.6461950899090461
0.0011596220548361145	0.6461950899090461
0.0011764439819269383	0.646195089831893
0.0011764440173266378	0.646195089831893
0.0011930293104172138	0.6461950897547399
0.00119302933978273	0.6461950897547399
0.001209387696426512	0.646195089677587
0.0012093877224521319	0.646195089677587
0.0012255281984284354	0.6461950896004339
0.0012255282213918736	0.6461950896004339
0.0012444437267712506	0.6461950895087168
0.0012444437615854833	0.6461950895087168
0.001263076547256828	0.6461950894169997
0.0012630765922697206	0.6461950894169997
0.0012814389715364147	0.6461950893252826
0.0012814390086037513	0.6461950893252826
0.0012995424068589136	0.6461950892335654
0.0012995424395825874	0.6461950892335654
0.0013173975034065251	0.6461950891418483
0.0013173975321612481	0.6461950891418483
0.0013382994112495583	0.6461950890328928
0.0013382994545777251	0.6461950890328928
0.0013588803381440074	0.6461950889239374
0.001358880393911581	0.6461950889239374
0.0013791546398599108	0.6461950888149819
0.0013791546855924015	0.6461950888149819
0.001399135588291338	0.6461950887060264
0.001399135628515718	0.6461950887060264
0.0014188355531242686	0.646195088597071
0.001418835588345188	0.646195088597071
0.0014419810784307228	0.646195088467115
0.0014419811319981207	0.646195088467115
0.0014647613579336525	0.6461950883371592
0.0014647614272106661	0.6461950883371592
0.0014871931697038232	0.6461950882072032
0.0014871932262581463	0.6461950882072032
0.0015092919886072309	0.6461950880772473
0.0015092920381631547	0.6461950880772473
0.0015310722126270755	0.6461950879472914
0.0015310722558612732	0.6461950879472914
0.0015567350613170424	0.646195087791782
0.0015567351275194514	0.646195087791782
0.0015819820651182977	0.6461950876362725
0.0015819821510140429	0.6461950876362725
0.0016068328289971924	0.6461950874807632
0.001606832898806843	0.6461950874807632
0.0016313053927095947	0.6461950873252537
0.0016313054536509922	0.6461950873252537
0.001655416511872002	0.6461950871697443
0.0016554165648472235	0.6461950871697443
0.0016839088395122004	0.6461950869830383
0.0016839089212010083	0.6461950869830383
0.0017119273852133612	0.6461950867963325
0.0017119274915593954	0.6461950867963325
0.0017394950574874937	0.6461950866096267
0.0017394951435360786	0.6461950866096267
0.001766632886127972	0.6461950864229207
0.0017666329609637938	0.6461950864229207
0.0017933603708083692	0.6461950862362149
0.0017933604356274553	0.6461950862362149
0.0018250342307141378	0.6461950860113281
0.0018250343313448711	0.6461950860113281
0.0018561680077083722	0.6461950857864415
0.0018561681391345791	0.6461950857864415
0.0018867884651245985	0.6461950855615548
0.0018867885710020323	0.6461950855615548
0.0019169201133747915	0.6461950853366681
0.001916920205112	0.6461950853366681
0.0019465856414731264	0.6461950851117815
0.0019465857206470644	0.6461950851117815
0.0019818386538914255	0.646195084840049
0.0019818387776172793	0.646195084840049
0.002016475739878207	0.6461950845683163
0.0020164759019653984	0.6461950845683163
0.0020505281552046966	0.6461950842965837
0.0020505282852199833	0.6461950842965837
0.0020840244570161977	0.646195084024851
0.002084024569250469	0.646195084024851
0.0021169910368713444	0.6461950837531185
0.002116991133392093	0.6461950837531185
0.0021562720116651392	0.6461950834237716
0.002156272163455981	0.6461950834237716
0.002194850349486336	0.646195083094425
0.0021948505489240264	0.646195083094425
0.0022327625337551634	0.6461950827650783
0.0022327626930524177	0.6461950827650783
0.0022700418197000465	0.6461950824357315
0.002270041956708271	0.6461950824357315
0.0023067188912140562	0.6461950821063848
0.002306719008628266	0.6461950821063848
0.0023494375762987824	0.6461950817161335
0.002349437747627316	0.6461950817161335
0.0023913934961849563	0.6461950813258821
0.0023913937113894954	0.6461950813258821
0.0024326261802393658	0.6461950809356308
0.0024326263523055266	0.6461950809356308
0.002473171683051698	0.6461950805453794
0.0024731718310619577	0.6461950805453794
0.0025130632677066275	0.646195080155128
0.002513063394587831	0.646195080155128
0.0025593686482795145	0.6461950796943021
0.002559368831455995	0.6461950796943021
0.002604851191005613	0.646195079233476
0.002604851419626531	0.646195079233476
0.0026495533398711657	0.64619507877265
0.002649553522857877	0.64619507877265
0.002693513828489923	0.6461950783118239
0.00269351398600398	0.6461950783118239
0.0027367684020903342	0.6461950778509978
0.002736768537213698	0.6461950778509978
0.002786967566788588	0.6461950773069822
0.002786967761825445	0.6461950773069822
0.0028362785530925364	0.6461950767629666
0.0028362787965209753	0.6461950767629666
0.0028847469847331367	0.646195076218951
0.0028847471797219778	0.646195076218951
0.0029324145143971	0.6461950756749354
0.002932414682352345	0.6461950756749354
0.0029793195925856015	0.6461950751309199
0.002979319736755976	0.6461950751309199
0.003033736515571	0.6461950744889636
0.003033736723518388	0.6461950744889636
0.0030871945303900814	0.6461950738470073
0.0030871947898523807	0.6461950738470073
0.00313974270153684	0.646195073205051
0.0031397429095215935	0.646195073205051
0.003191425840524958	0.6461950725630946
0.0031914260197838736	0.6461950725630946
0.0032422853252665525	0.6461950719211385
0.0032422854792300195	0.6461950719211385
0.0033012715650332044	0.6461950711638934
0.0033012717869671084	0.6461950711638934
0.003359222307637197	0.6461950704066485
0.003359222584477831	0.6461950704066485
0.003416190342763315	0.6461950696494034
0.003416190564830614	0.6461950696494034
0.003472223901790801	0.6461950688921585
0.0034722240932965266	0.6461950688921585
0.003527367531949922	0.6461950681349135
0.003527367696522055	0.6461950681349135
0.0035913040432346173	0.6461950672419858
0.0035913042803244863	0.6461950672419858
0.003654122118027845	0.6461950663490581
0.003654122413702866	0.6461950663490581
0.0037158785794874642	0.6461950654561305
0.0037158788168144257	0.6461950654561305
0.003776625361803171	0.6461950645632026
0.0037766255665774864	0.6461950645632026
0.00383641044372776	0.6461950636702751
0.003836410619792225	0.6461950636702751
0.003905710077120072	0.6461950626176914
0.003905710330633092	0.6461950626176914
0.003973801450895144	0.6461950615651078
0.003973801766982404	0.6461950615651078
0.004040745755910266	0.6461950605125242
0.004040746009772608	0.6461950605125242
0.0041065989359235725	0.6461950594599405
0.004106599155073948	0.6461950594599405
0.004171412685481752	0.6461950584073568
0.004171412873996399	0.6461950584073568
0.004246522863833896	0.6461950571669387
0.004246523135143356	0.6461950571669387
0.004320327497431609	0.6461950559265207
0.0043203278356408895	0.6461950559265207
0.004392892507174309	0.6461950546861026
0.004392892778954567	0.6461950546861026
0.004464278178954492	0.6461950534456846
0.004464278413681232	0.6461950534456846
0.004534540231299701	0.6461950522052665
0.004534540433302746	0.6461950522052665
0.004615945849481617	0.646195050743895
0.004615946140075773	0.646195050743895
0.004695940549055926	0.6461950492825235
0.004695940911239986	0.6461950492825235
0.004774595373778786	0.646195047821152
0.004774595664975249	0.646195047821152
0.004851975312213241	0.6461950463597805
0.004851975563817244	0.6461950463597805
0.004928140440974231	0.646195044898409
0.0049281406575909775	0.646195044898409
0.0050165260085719456	0.6461950431740312
0.005016526280502695	0.6461950431740312
0.005103381546442274	0.6461950414496537
0.005103381409355652	0.6461950414496537
0.0051887832051524885	0.646195039725276
0.0051887829220709485	0.646195039725276
0.005272801493846652	0.6461950380008984
0.005272801433182605	0.6461950380008984
0.005355502071557541	0.6461950362765208
0.005355502037349638	0.6461950362765208
0.005436944898671952	0.6461950345521431
0.005436944869388461	0.6461950345521431
0.005532892488131144	0.6461950324872688
0.005532892442665994	0.6461950324872688
0.005627204387316006	0.6461950304223945
0.0056272043193927755	0.6461950304223945
0.00571996145522219	0.6461950283575201
0.005719961405170537	0.6461950283575201
0.005811238192943797	0.6461950262926459
0.005811238150099503	0.6461950262926459
0.005901103280333154	0.6461950242277715
0.005901103244842319	0.6461950242277715
0.005989620256612992	0.6461950221628971
0.005989620226843929	0.6461950221628971
0.006100339034561296	0.6461950195368371
0.006100338978527377	0.6461950195368371
0.006209083867117992	0.6461950169107771
0.006209083769130052	0.6461950169107771
0.006315956627805946	0.646195014284717
0.006315956554755722	0.646195014284717
0.006421050870483062	0.646195011658657
0.006421050808820356	0.646195011658657
0.00652445252471213	0.646195009032597
0.006524452474043685	0.646195009032597
0.006626240829295824	0.6461950064065368
0.006626240787102648	0.6461950064065368
0.006748983865116306	0.6461950031857955
0.006748983795521407	0.6461950031857955
0.006869534153325759	0.646194999965054
0.006869534042324015	0.646194999965054
0.0069880050878156075	0.6461949967443127
0.0069880050062147364	0.6461949967443127
0.007104500775749027	0.6461949935235713
0.007104500706680786	0.6461949935235713
0.0072191168242239775	0.6461949903028299
0.007219116767503222	0.6461949903028299
0.007331941385022797	0.6461949870820886
0.007331941337811689	0.6461949870820886
0.00746956683849452	0.6461949830857511
0.0074695667574906964	0.6461949830857511
0.007604702078488497	0.6461949790894135
0.007604701945572951	0.6461949790894135
0.007737477472224541	0.646194975093076
0.00773747737444668	0.646194975093076
0.007868012592960648	0.6461949710967385
0.007868012510477461	0.6461949710967385
0.007996417133146368	0.646194967100401
0.00799641706557284	0.646194967100401
0.00812279213553924	0.6461949631040634
0.008122792079415013	0.6461949631040634
0.008276796398288707	0.6461949581493021
0.008276796302466947	0.6461949581493021
0.008427987061543437	0.6461949531945407
0.008427986904843093	0.6461949531945407
0.008576512797334745	0.6461949482397792
0.008576512682362637	0.6461949482397792
0.008722509862572815	0.6461949432850177
0.008722509765761624	0.6461949432850177
0.008866103152508574	0.6461949383302562
0.008866103073346798	0.6461949383302562
0.00900740763124797	0.6461949333754948
0.00900740756560844	0.6461949333754948
0.009179842210273471	0.6461949272230438
0.009179842097808092	0.6461949272230438
0.009349096996570685	0.6461949210705928
0.009349096812167897	0.6461949210705928
0.009515341523747998	0.6461949149181418
0.009515341388687563	0.6461949149181418
0.009678731052402537	0.6461949087656909
0.009678730938899602	0.6461949087656909
0.009839407783364576	0.64619490261324
0.009839407690723933	0.64619490261324
0.009997502518631785	0.6461948964607889
0.009997502441939544	0.6461948964607889
0.01019058231262639	0.6461948888138348
0.010190582181010195	0.6461948888138348
0.010380071299404285	0.6461948811668806
0.010380071083329062	0.6461948811668806
0.010566162492488216	0.6461948735199264
0.010566162334509098	0.6461948735199264
0.010749032534759485	0.6461948658729723
0.010749032402230876	0.6461948658729723
0.010928843092270334	0.6461948582260182
0.010928842984282969	0.6461948582260182
0.011105742776560637	0.6461948505790639
0.011105742687295783	0.6461948505790639
0.011321966934505795	0.6461948410654508
0.011321966781041099	0.6461948410654508
0.01153413842481242	0.6461948315518375
0.011534138172526366	0.6461948315518375
0.01174247672303132	0.6461948220382244
0.011742476538872735	0.6461948220382244
0.01194718256284929	0.6461948125246112
0.01194718240861313	0.6461948125246112
0.012148439533895413	0.646194803010998
0.012148439408416006	0.646194803010998
0.012346416300902068	0.6461947934973848
0.012346416197319604	0.6461947934973848
0.012588579768305512	0.6461947816513198
0.012588579589952976	0.6461947816513198
0.012826171966222544	0.6461947698052548
0.012826171672677262	0.6461947698052548
0.013059442154108872	0.6461947579591898
0.013059441940150211	0.6461947579591898
0.01328861817392558	0.6461947461131248
0.013288617995002958	0.6461947461131248
0.013513908278049552	0.6461947342670598
0.013513908132695257	0.6461947342670598
0.013735503684695116	0.6461947224209945
0.013735503564856843	0.6461947224209945
0.014006737743541917	0.6461947076591102
0.014006737536913151	0.6461947076591102
0.014272818397912002	0.646194692897226
0.014272818057464925	0.646194692897226
0.014534028408339254	0.6461946781353417
0.01453402816053264	0.6461946781353417
0.0147906261017949	0.6461946633734573
0.014790625894855858	0.6461946633734573
0.015042847458874735	0.6461946486115729
0.015042847290982011	0.6461946486115729
0.015290909049548438	0.6461946338496887
0.01529090891128786	0.6461946338496887
0.015594720588385338	0.6461946154412651
0.015594720349696443	0.6461946154412651
0.01589272549181124	0.6461945970328415
0.015892725098165274	0.6461945970328415
0.016185244177589368	0.6461945786244181
0.01618524389141772	0.6461945786244181
0.016472569233487302	0.6461945602159945
0.016472568994815716	0.6461945602159945
0.016754967796327676	0.646194541807571
0.016754967602923963	0.646194541807571
0.017032684917267303	0.6461945233991474
0.01703268475816644	0.6461945233991474
0.017373001807580626	0.6461945004287004
0.01737300153260848	0.6461945004287004
0.01770677925535453	0.6461944774582534
0.01770677880148164	0.6461944774582534
0.01803437998400693	0.6461944544878064
0.018034379654428497	0.6461944544878064
0.018356135065400632	0.6461944315173594
0.01835613479084846	0.6461944315173594
0.018672346627170218	0.6461944085469125
0.018672346404937198	0.6461944085469125
0.018983291702483748	0.6461943855764656
0.018983291519843154	0.6461943855764656
0.019364513352215004	0.646194356896832
0.019364513036245753	0.646194356896832
0.019738373678333677	0.6461943282171986
0.01973837315639021	0.6461943282171986
0.020105282909534172	0.646194299537565
0.02010528253092162	0.646194299537565
0.020465615326170618	0.6461942708579317
0.020465615011107538	0.6461942708579317
0.020819712336558382	0.6461942421782981
0.02081971208179154	0.6461942421782981
0.02116788687260031	0.6461942134986647
0.02116788666340605	0.6461942134986647
0.021594940908017366	0.6461941776721497
0.02159494054578881	0.6461941776721497
0.022013712024844378	0.6461941418456347
0.02201371142607525	0.6461941418456347
0.0224246637741129	0.6461941060191198
0.022424663340184305	0.6461941060191198
0.022828218930394717	0.6461940701926048
0.02282821856965115	0.6461940701926048
0.02322476298257862	0.6461940343660899
0.02322476269114148	0.6461940343660899
0.023614649143938165	0.6461939985395749
0.02361464890482449	0.6461939985395749
0.024093054940070663	0.6461939537641193
0.02409305452570711	0.6461939537641193
0.024562144587623392	0.6461939089886636
0.0245621439022538	0.6461939089886636
0.025022441468842638	0.6461938642132079
0.025022440972583545	0.6461938642132079
0.025474422767197195	0.6461938194377522
0.025474422354999967	0.6461938194377522
0.025918523423513452	0.6461937746622964
0.025918523090785982	0.6461937746622964
0.026355141837119442	0.6461937298868409
0.026355141564326705	0.6461937298868409
0.026891081664440954	0.6461936739033983
0.026891081191379944	0.6461936739033983
0.027416547122550674	0.6461936179199559
0.027416546339664394	0.6461936179199559
0.027932128708903967	0.6461935619365134
0.027932128142479848	0.6461935619365134
0.028438364635230164	0.6461935059530709
0.028438364165130278	0.6461935059530709
0.028935745305941268	0.6461934499696285
0.02893574492676192	0.6461934499696285
0.029424719796012393	0.6461933939861858
0.0294247194853398	0.6461933939861858
0.030025118557017758	0.6461933239625197
0.03002511801792759	0.6461933239625197
0.030613744773420465	0.6461932539388536
0.03061374388082271	0.6461932539388536
0.031191264210464635	0.6461931839151874
0.031191263565122244	0.6461931839151874
0.03175828351715718	0.6461931138915212
0.03175828298194845	0.6461931138915212
0.03231535529062719	0.6461930438678551
0.03231535485922769	0.6461930438678551
0.03286298542651638	0.6461929738441891
0.03286298507326883	0.6461929738441891
0.03353559993266626	0.6461928862290878
0.03353559931935345	0.6461928862290878
0.03419498699991615	0.6461927986139865
0.03419498598397992	0.6461927986139865
0.03484189678704254	0.6461927109988851
0.03484189605299946	0.6461927109988851
0.035477012674070024	0.6461926233837838
0.03547701206569802	0.6461926233837838
0.03610095698383611	0.6461925357686825
0.03610095649376842	0.6461925357686825
0.03671429931199646	0.6461924481535812
0.036714298910925036	0.6461924481535812
0.03746781835507663	0.6461923384939482
0.03746781765838195	0.6461923384939482
0.03820647956322768	0.6461922288343152
0.0382064784087208	0.6461922288343152
0.038931127705028414	0.646192119174682
0.03893112687134874	0.646192119174682
0.03964253217666813	0.646192009515049
0.03964253148612762	0.646192009515049
0.04034139346046519	0.6461918998554159
0.04034139290451935	0.6461918998554159
0.041028352554292234	0.6461917901957829
0.041028352099527245	0.6461917901957829
0.04187250899359425	0.6461916529071486
0.041872508203276024	0.6461916529071486
0.04269998065697592	0.6461915156185144
0.04269997934686708	0.6461915156185144
0.04351171836102749	0.6461913783298802
0.04351171741548238	0.6461913783298802
0.044308587914112796	0.6461912410412459
0.044308587131332906	0.6461912410412459
0.04509137740110855	0.6461911037526117
0.045091376771220645	0.6461911037526117
0.04586080784628837	0.6461909664639774
0.04586080733126439	0.6461909664639774
0.046806504118727055	0.6461907945425776
0.04680650322333059	0.6461907945425776
0.04773346855649993	0.6461906226211778
0.04773346707174184	0.6461906226211778
0.04864277083137409	0.6461904506997779
0.04864276976028602	0.6461904506997779
0.04953538480440317	0.646190278778378
0.049535383918118917	0.646190278778378
0.05041219673682033	0.6461901068569782
0.05041219602396953	0.6461901068569782
0.05127401733636862	0.6461899349355784
0.05127401675374058	0.6461899349355784
0.052333466126215394	0.6461897195970919
0.0523334651129265	0.6461897195970919
0.05337188949641074	0.6461895042586054
0.05337188781569647	0.6461895042586054
0.054390490314907974	0.6461892889201191
0.05439048910297558	0.6461892889201191
0.05539036353035407	0.6461890735816327
0.05539036252796209	0.6461890735816327
0.05637250542102075	0.6461888582431462
0.0563725046151137	0.6461888582431462
0.05733782719244273	0.6461886429046598
0.057337826533991804	0.6461886429046598
0.05852470896816868	0.6461883731309438
0.0585247078226496	0.6461883731309438
0.05968799563084038	0.6461881033572277
0.05968799373033083	0.6461881033572277
0.06082903930394773	0.6461878335835115
0.060829037934050055	0.6461878335835115
0.06194907062073338	0.6461875638097955
0.06194906948813053	0.6461875638097955
0.06304920913643745	0.6461872940360793
0.06304920822617902	0.6461872940360793
0.06413047866513229	0.6461870242623633
0.06413047792166049	0.6461870242623633
0.06546011815990377	0.64618668623274
0.06546011686610961	0.64618668623274
0.06676328360378378	0.6461863482031168
0.06676328145680253	0.6461863482031168
0.06804149436009115	0.6461860101734935
0.06804149281306837	0.6461860101734935
0.06929613309357044	0.6461856721438703
0.06929613181497316	0.6461856721438703
0.0705284574862273	0.6461853341142471
0.07052845645897574	0.6461853341142471
0.07173961752368684	0.6461849960846239
0.07173961668489916	0.6461849960846239
0.07322918138823468	0.6461845724623304
0.07322917992820796	0.6461845724623304
0.07468904590645523	0.6461841488400369
0.07468904348314745	0.6461841488400369
0.07612091782189437	0.6461837252177435
0.07612091607630272	0.6461837252177435
0.07752635013774627	0.6461833015954501
0.07752634869548854	0.6461833015954501
0.07890675529336101	0.6461828779731567
0.0789067541349662	0.6461828779731567
0.08026342463558804	0.6461824543508632
0.08026342368996059	0.6461824543508632
0.08193214290197712	0.6461819233877512
0.08193214125561787	0.6461819233877512
0.08356754860164839	0.6461813924246391
0.08356754586859859	0.6461813924246391
0.08517155841382117	0.6461808614615272
0.08517155644565833	0.6461808614615272
0.08674591618251778	0.6461803304984151
0.08674591455682486	0.6461803304984151
0.08829220772964763	0.6461797995353031
0.08829220642426966	0.6461797995353031
0.08981188277495246	0.6461792685721911
0.08981188170958472	0.6461792685721911
0.09168129686232919	0.6461786029854337
0.09168129500713786	0.6461786029854337
0.09351335068817018	0.6461779373986762
0.09351334760797556	0.6461779373986762
0.0953101961274082	0.6461772718119189
0.09531019390980669	0.6461772718119189
0.09707379082592146	0.6461766062251614
0.09707378899465716	0.6461766062251614
0.09880591484717793	0.646175940638404
0.09880591337708468	0.646175940638404
0.10050819533592922	0.6461752750516465
0.1005081941363791	0.6461752750516465
0.10260243588073548	0.646174440614385
0.10260243379152562	0.646174440614385
0.10465478186975238	0.6461736061771236
0.10465477840054561	0.6461736061771236
0.10666764866230648	0.646172771739862
0.10666764616519084	0.646172771739862
0.10864323342039658	0.6461719373026006
0.10864323135878062	0.6461719373026006
0.11058353380948664	0.646171102865339
0.11058353215482723	0.646171102865339
0.11249037573639975	0.6461702684280776
0.11249037438649906	0.6461702684280776
0.11483647376935192	0.6461692222012199
0.11483647141792915	0.6461692222012199
0.1171355979924332	0.6461681759743623
0.11713559408734969	0.6461681759743623
0.11939045892903054	0.6461671297475046
0.1193904561187344	0.6461671297475046
0.12160352205418122	0.6461660835206469
0.12160351973447371	0.6461660835206469
0.12377702879653066	0.6461650372937892
0.1237770269350826	0.6461650372937892
0.12591302772040036	0.6461639910669316
0.1259130262020487	0.6461639910669316
0.12854126311121616	0.6461626791808462
0.12854126046602002	0.6461626791808462
0.1311168351500407	0.6461613672947608
0.13111683075662486	0.6461613672947608
0.13364278499974622	0.6461600554086755
0.1336427818385858	0.6461600554086755
0.13612187869598816	0.6461587435225901
0.1361218760871378	0.6461587435225901
0.13855663072692423	0.6461574316365049
0.1385566286338114	0.6461574316365049
0.14094933907365734	0.6461561197504194
0.14094933736659235	0.6461561197504194
0.14389363100344965	0.646154474621924
0.14389362802915376	0.646154474621924
0.14677888662806243	0.6461528294934284
0.14677888168760383	0.6461528294934284
0.1496085174740245	0.646151184364933
0.14960851391982127	0.646151184364933
0.15238562624769827	0.6461495392364375
0.15238562331494881	0.6461495392364375
0.15511303330246368	0.646147894107942
0.15511303094984094	0.646147894107942
0.15779331600122834	0.6461462489794465
0.15779331408276867	0.6461462489794465
0.16109165997571884	0.6461441858208073
0.1610916566327855	0.6461441858208073
0.16432382946469443	0.6461421226621681
0.16432382391149122	0.6461421226621681
0.16749365083604467	0.6461400595035289
0.16749364684159604	0.6461400595035289
0.1706046038984302	0.6461379963448898
0.170604600602884	0.6461379963448898
0.1736598516026717	0.6461359331862505
0.1736598489593748	0.6461359331862505
0.176662284245359	0.6461338700276112
0.17666228209011886	0.6461338700276112
0.18035724166324804	0.6461312824675302
0.1803572379074331	0.6461312824675302
0.18397802966488835	0.646128694907449
0.18397802342542693	0.646128694907449
0.1875289392545283	0.6461261073473676
0.18752893476701796	0.6461261073473676
0.1910138726088633	0.6461235197872865
0.19101386890699446	0.6461235197872865
0.1944363764007898	0.6461209322272053
0.19443637343194523	0.6461209322272053
0.19779969142501233	0.6461183446671241
0.19779968900458325	0.6461183446671241
0.2019389377424256	0.6461150992584775
0.20193893352422795	0.6461150992584775
0.20599506062016923	0.6461118538498309
0.20599505361221424	0.6461118538498309
0.2099728714392792	0.6461086084411842
0.20997286639962265	0.6461086084411842
0.21387674541560728	0.6461053630325377
0.213876741258722	0.6461053630325377
0.21771065898040232	0.646102117623891
0.21771065564699388	0.646102117623891
0.22147824547793063	0.6460988722152445
0.22147824276052847	0.6460988722152445
0.22611518383013635	0.646094801547513
0.22611517909418827	0.646094801547513
0.2306589712449692	0.6460907308797815
0.23065896337655803	0.6460907308797815
0.23511500186474776	0.6460866602120501
0.23511499620686918	0.6460866602120501
0.23948818065642494	0.6460825895443186
0.2394881759900642	0.6460825895443186
0.24378296533518942	0.646078518876587
0.24378296159357926	0.646078518876587
0.24800342886126778	0.6460744482088555
0.24800342581134138	0.6460744482088555
0.2531978771753843	0.6460693422718867
0.2531978718597774	0.6460693422718867
0.25828794581098785	0.6460642363349177
0.25828793697931957	0.6460642363349177
0.2632796814770049	0.6460591303979489
0.26327967512703787	0.6460591303979489
0.2681785823508544	0.6460540244609799
0.2681785771141336	0.6460540244609799
0.2729896450890178	0.6460489185240111
0.2729896408904161	0.6460489185240111
0.2777174349362496	0.6460438125870424
0.2777174315140483	0.6460438125870424
0.2835363948264516	0.6460374079446743
0.28353638886199506	0.6460374079446743
0.2892384024440498	0.6460310033023065
0.2892383925342669	0.6460310033023065
0.29483023515116713	0.6460245986599386
0.29483022802657766	0.6460245986599386
0.3003180553253523	0.6460181940175707
0.30031804945023655	0.6460181940175707
0.3057074630654882	0.6460117893752028
0.3057074583553709	0.6460117893752028
0.3110035748225044	0.646005384732835
0.3110035709836022	0.646005384732835
0.3175220920152856	0.645997350954268
0.31752208532469356	0.645997350954268
0.3239095814642422	0.6459893171757011
0.3239095703481	0.6459893171757011
0.3301736385036755	0.6459812833971342
0.33017363051230403	0.6459812833971342
0.33632116909684745	0.6459732496185673
0.33632116250735866	0.6459732496185673
0.3423584489173731	0.6459652158400006
0.3423584436348441	0.6459652158400006
0.3482912115171681	0.6459571820614336
0.3482912072119428	0.6459571820614336
0.3555933384736435	0.6459471047211423
0.35559333097065	0.6459471047211423
0.3627486822193142	0.6459370273808509
0.3627486697537382	0.6459370273808509
0.3697657536597266	0.6459269500405597
0.36976574469874834	0.6459269500405597
0.37665229107917	0.6459168727002684
0.37665228369052545	0.6459168727002684
0.3834153263575612	0.6459067953599771
0.38341532043465926	0.6459067953599771
0.39006128380976257	0.6458967180196857
0.3900612789828283	0.6458967180196857
0.3982411561920283	0.6458840774068147
0.39824114778043224	0.6458840774068147
0.40625661293020887	0.6458714367939437
0.4062565989557465	0.6458714367939437
0.41411718952848725	0.6458587961810727
0.4141171794832954	0.6458587961810727
0.42183155572303277	0.6458461555682016
0.4218315474407183	0.6458461555682016
0.42940758968307724	0.6458335149553306
0.42940758304402865	0.6458335149553306
0.4368524887868934	0.6458208743424595
0.4368524833764887	0.6458208743424595
0.446015528801163	0.6458050188103078
0.44601551937380735	0.6458050188103078
0.4549944251451233	0.6457891632781563
0.45499440948430364	0.6457891632781563
0.46379985962837117	0.6457733077460046
0.4637998483713922	0.6457733077460046
0.4724415441054424	0.645757452213853
0.47244153482422724	0.645757452213853
0.4809283036080594	0.6457415966817013
0.48092829616848215	0.6457415966817013
0.4892682004678943	0.6457257411495496
0.4892681944052287	0.6457257411495496
0.4995324611174575	0.6457058537775071
0.4995324505551575	0.6457058537775071
0.5095905124167931	0.6456859664054645
0.5095904948724235	0.6456859664054645
0.5194543182185525	0.6456660790334218
0.5194543056080136	0.6456660790334218
0.5291347559303089	0.6456461916613794
0.5291347455332169	0.6456461916613794
0.538641709633535	0.6456263042893366
0.5386417012996059	0.6456263042893366
0.5479842091225905	0.6456064169172943
0.5479842023311594	0.6456064169172943
0.5594818751148485	0.6455814738403598
0.5594818632852878	0.6455814738403598
0.5707486612568776	0.6455565307634255
0.5707486416103182	0.6455565307634255
0.5817979646580238	0.645531587686491
0.5817979505367018	0.645531587686491
0.5926419658010598	0.6455066446095568
0.5926419541583203	0.6455066446095568
0.6032917328229583	0.6454817015326223
0.6032917234905589	0.6454817015326223
0.6137573772139179	0.645456758455688
0.6137573696087972	0.645456758455688
0.6266364388007782	0.6454254768332465
0.6266364255574114	0.6454254768332465
0.6392570515569791	0.645394195210805
0.6392570295664719	0.645394195210805
0.6516342140590108	0.6453629135883634
0.6516341982530128	0.6453629135883634
0.6637815628649019	0.6453316319659219
0.6637815498329207	0.6453316319659219
0.6757114892627494	0.6453003503434803
0.6757114788166247	0.6453003503434803
0.6874353135631707	0.6452690687210388
0.6874353050503186	0.6452690687210388
0.7018614316498558	0.6452298418518407
0.7018614168308683	0.6452298418518407
0.7159983123682852	0.6451906149826427
0.7159982877674385	0.6451906149826427
0.7298627425381785	0.6451513881134446
0.7298627248558311	0.6451513881134446
0.7434699847080133	0.6451121612442465
0.7434699701284216	0.6451121612442465
0.7568339078197234	0.6450729343750484
0.7568338961326944	0.6450729343750484
0.7699671822322989	0.6450337075058502
0.769967172707895	0.6450337075058502
0.7861257632068491	0.6449845240472234
0.7861257466342594	0.6449845240472234
0.8019607501223492	0.6449353405885965
0.8019607226189415	0.6449353405885965
0.8174909249513393	0.6448861571299697
0.8174909051822947	0.6448861571299697
0.8327333645039406	0.6448369736713427
0.8327333482028105	0.6448369736713427
0.8477035866108674	0.6447877902127158
0.8477035735431688	0.6447877902127158
0.8624157682335554	0.644738606754089
0.8624157575834361	0.644738606754089
0.880514268254195	0.6446769503590348
0.8805142497332162	0.6446769503590348
0.8982508744062443	0.6446152939639807
0.8982508436815718	0.6446152939639807
0.9156465923524579	0.6445536375689266
0.9156465702671794	0.6445536375689266
0.932720521172032	0.6444919811738725
0.9327205029593857	0.6444919811738725
0.949490016828119	0.6444303247788185
0.9494900022269587	0.6444303247788185
0.9659709359480357	0.6443686683837643
0.9659709240472992	0.6443686683837643
0.9862414133170445	0.6442913933409153
0.9862413926358803	0.6442913933409153
1.0061073556602682	0.6442141182980663
1.0061073213693725	0.6442141182980663
1.0255922438037741	0.6441368432552173
1.0255922191536353	0.6441368432552173
1.0447174280590745	0.6440595682123684
1.0447174077288746	0.6440595682123684
1.0635023109136774	0.6439822931695194
1.0635022946131625	0.6439822931695194
1.081964619298714	0.6439050181266703
1.0819646060116113	0.6439050181266703
1.1046665526791892	0.6438081957879234
1.1046665296095077	0.6438081957879234
1.1269165530307736	0.6437113734491763
1.1269165148040072	0.6437113734491763
1.1487408517105253	0.6436145511104293
1.1487408242288475	0.6436145511104293
1.1701633010958685	0.6435177287716823
1.1701632784267473	0.6435177287716823
1.1912055786138365	0.6434209064329353
1.1912055604354697	0.6434209064329353
1.2118874905450476	0.6433240840941883
1.2118874757253182	0.6433240840941883
1.2373108807912767	0.643202814039931
1.237310855089696	0.643202814039931
1.2622297604989885	0.6430815439856736
1.2622297179455302	0.6430815439856736
1.2866734112055387	0.6429602739314163
1.2866733806099941	0.6429602739314163
1.3106684604697605	0.6428390038771589
1.310668435226832	0.6428390038771589
