1e-05	34.0223588244657
1.0123291112540898e-05	34.02235468496284
1.0126349976641743e-05	34.02235468496284
1.0126426342942513e-05	34.02235468496284
1.0010063986174939e-05	34.02235848656706
1.0010084253024918e-05	34.02235848656706
1.0020168587716782e-05	34.02235814866842
1.0020188916032719e-05	34.02235814866842
1.0040439022006529e-05	34.022357472871136
1.0040439166070809e-05	34.022357472871136
1.0060771141661721e-05	34.02235679707386
1.0060771389690934e-05	34.02235679707386
1.0081185877056562e-05	34.02235612127657
1.008118612718313e-05	34.02235612127657
1.0289969083882047e-05	34.022349363303746
1.0289983088207079e-05	34.022349363303746
1.050760951605564e-05	34.02234260533091
1.050761507884852e-05	34.02234260533091
1.0734631845431406e-05	34.02233584735807
1.0734651417839306e-05	34.02233584735807
1.0971693959103329e-05	34.022329089385245
1.0971715777254434e-05	34.022329089385245
1.1427658525064476e-05	34.02231687753094
1.1427752442968676e-05	34.02231687753094
1.1923339737220863e-05	34.02230466567664
1.192334563416639e-05	34.02230466567664
1.246384763080051e-05	34.02229245382233
1.2463873807072203e-05	34.02229245382233
1.3055655759328221e-05	34.02228024196803
1.3055736239389584e-05	34.02228024196803
1.3706507734894488e-05	34.02226803011373
1.3706612875589211e-05	34.02226803011373
1.4425653154461685e-05	34.02225581825943
1.4425791676329966e-05	34.02225581825943
1.5224433571254456e-05	34.022243606405134
1.5224619135639054e-05	34.022243606405134
1.6116850320304894e-05	34.02223139455082
1.61171023555082e-05	34.02223139455082
1.5930500372860897e-05	34.0222338329089
1.5930628328373524e-05	34.0222338329089
1.670520081439294e-05	34.02222405941267
1.670529921103394e-05	34.02222405941267
1.7559002769070288e-05	34.02221428591644
1.755915586033958e-05	34.02221428591644
1.8504797622743987e-05	34.02220451242021
1.8504997493885767e-05	34.02220451242021
1.9558263508624227e-05	34.02219473892399
1.9558532417226475e-05	34.02219473892399
1.9328107139055957e-05	34.022196784266974
1.9328238880959944e-05	34.022196784266974
2.02280364535752e-05	34.02218905611374
2.0228132822261683e-05	34.02218905611374
2.1215751345031377e-05	34.0221813279605
2.1215902633088403e-05	34.0221813279605
2.2304889087319807e-05	34.02217359980727
2.2305083781044382e-05	34.02217359980727
2.3511876498182606e-05	34.02216587165403
2.35121349945474e-05	34.02216587165403
2.3257652280840565e-05	34.02216743340348
2.325778240362956e-05	34.02216743340348
2.4295386699809584e-05	34.02216126699969
2.4295483039822158e-05	34.02216126699969
2.5429938269527746e-05	34.0221551005959
2.5430086575314008e-05	34.0221551005959
2.6675643018201905e-05	34.02214893419212
2.6675831875856358e-05	34.02214893419212
2.804963654625991e-05	34.022142767788324
2.8049884243144958e-05	34.022142767788324
2.7771868004866648e-05	34.02214396563741
2.77719963957664e-05	34.02214396563741
2.8961986431630717e-05	34.02213899708271
2.896208294069002e-05	34.02213899708271
3.025854863921256e-05	34.02213402852801
3.0258694288682776e-05	34.02213402852801
3.167661618990639e-05	34.0221290599733
3.1676799918074975e-05	34.0221290599733
3.3234066478818544e-05	34.0221240914186
3.3234304761007975e-05	34.0221240914186
3.293151896611031e-05	34.0221250201265
3.293164588336835e-05	34.0221250201265
3.428986610579692e-05	34.02212098027971
3.428996285177448e-05	34.02212098027971
3.5764942927841146e-05	34.022116940432916
3.5765086303810006e-05	34.022116940432916
3.7372571685845975e-05	34.022112900586116
3.737275096882558e-05	34.022112900586116
3.91314123877451e-05	34.022108860739316
3.913164250853545e-05	34.022108860739316
3.8802671632525534e-05	34.02210958820424
3.8802797329908056e-05	34.02210958820424
4.0346451452836814e-05	34.02210627582235
4.03465484986227e-05	34.02210627582235
4.2017966131351984e-05	34.02210296344047
4.2018107567114195e-05	34.02210296344047
4.3833837834238326e-05	34.02209965105859
4.3834013244239914e-05	34.02209965105859
4.5813553646051256e-05	34.0220963386767
4.5813776625077985e-05	34.0220963386767
4.545719446558308e-05	34.02209691378884
4.5457319166717024e-05	34.02209691378884
4.720522482865949e-05	34.022094176519104
4.720532224069032e-05	34.022094176519104
4.9092793837291194e-05	34.02209143924937
4.9092933613679046e-05	34.02209143924937
5.11373682996013e-05	34.022088701979634
5.113754030146139e-05	34.022088701979634
5.335931212195919e-05	34.022085964709895
5.3359528765554605e-05	34.022085964709895
5.297394881867746e-05	34.02208642311366
5.297407271709455e-05	34.02208642311366
5.494705861966469e-05	34.022084144247685
5.49471564668769e-05	34.022084144247685
5.70724209687664e-05	34.022081865381715
5.7072559314584724e-05	34.022081865381715
5.9368400313495214e-05	34.02207958651574
5.9368569267535093e-05	34.02207958651574
6.185629535796232e-05	34.02207730764976
6.185650627092796e-05	34.02207730764976
6.45611122958061e-05	34.02207502878379
6.45613781643906e-05	34.02207502878379
6.40036370213933e-05	34.02207548285172
6.400377245861398e-05	34.02207548285172
6.630483636532843e-05	34.02207365805367
6.630493033736393e-05	34.02207365805367
6.877690629716502e-05	34.02207183325562
6.877704557823559e-05	34.02207183325562
7.143962518303614e-05	34.022070008457575
7.143979244823208e-05	34.022070008457575
7.431574785436141e-05	34.022068183659535
7.431595429259004e-05	34.022068183659535
7.743180474821364e-05	34.022066358861494
7.743206184438854e-05	34.022066358861494
7.681451924332072e-05	34.022066708716146
7.681465394088271e-05	34.022066708716146
7.948606569263502e-05	34.02206523377274
7.948616052902808e-05	34.02206523377274
8.234873492150395e-05	34.02206375882935
8.234887260420602e-05	34.02206375882935
8.542370594529636e-05	34.02206228388595
8.542386961538545e-05	34.02206228388595
8.873519879241506e-05	34.022060808942555
8.873539833775386e-05	34.022060808942555
9.231123929209301e-05	34.02205933399916
9.23114844061951e-05	34.02205933399916
9.16411455747329e-05	34.0220596017369
9.164127891767639e-05	34.0220596017369
9.474179049021358e-05	34.02205839453124
9.474188653171495e-05	34.02205839453124
9.805702583346647e-05	34.022057187325586
9.805716168102931e-05	34.022057187325586
0.00010160964986772423	34.02205598011993
0.00010160980953306737	34.02205598011993
0.0001054255789942474	34.022054772914274
0.00010542577090872557	34.022054772914274
0.0001095345724632513	34.02205356570862
0.00010953480441295396	34.02205356570862
0.00010872590038850383	34.02205379622134
0.00010872602236644553	34.02205379622134
0.00011223582726549853	34.02205281952841
0.00011223590981501426	34.02205281952841
0.00011597542042684102	34.022051842835474
0.00011597553775859963	34.022051842835474
0.00011996744120847593	34.02205086614255
0.00011996757584576282	34.02205086614255
0.00012423749153641668	34.02204988944962
0.00012423764965562037	34.02204988944962
0.00012344759999920795	34.02205006515899
0.00012344768662283796	34.02205006515899
0.00012713050198610363	34.02204926417544
0.0001271305611617431	34.02204926417544
0.00013103369773481943	34.02204846319189
0.00013103377876838798	34.02204846319189
0.00013517681214900452	34.02204766220834
0.00013517690277926002	34.02204766220834
0.00013958163590864836	34.02204686122478
0.00013958173930346077	34.02204686122478
0.0001442725221498945	34.02204606024123
0.0001442726400474556	34.02204606024123
0.00014331439608462814	34.02204621974289
0.00014331445635347524	34.02204621974289
0.0001472443874302969	34.022045578261
0.00014724442352913932	34.022045578261
0.00015138672902150887	34.02204493677911
0.000151386779417715	34.02204493677911
0.00015575806327784838	34.02204429529721
0.00015575811707475715	34.02204429529721
0.00016037657422523612	34.022043653815324
0.0001603766329651872	34.022043653815324
0.0001652622305742322	34.022043012333434
0.0001652622943151369	34.022043012333434
0.00016438280584392701	34.0220431251393
0.00016438284136106627	34.0220431251393
0.00016858260724887035	34.02204259646328
0.00016858262916085877	34.02204259646328
0.00017298910297164474	34.022042067787254
0.00017298913110182435	34.022042067787254
0.0001776165012055204	34.022041539111235
0.00017761652957438265	34.022041539111235
0.0001824801013514089	34.02204101043521
0.00018248013021154212	34.02204101043521
0.000187596411349592	34.02204048175919
0.00018759644005520126	34.02204048175919
0.00019298321561977654	34.022039953083166
0.00019298324320161575	34.022039953083166
0.00019201111980579914	34.02204004647665
0.00019201113519069405	34.02204004647665
0.0001966197738301359	34.02203961119412
0.00019661978144208973	34.02203961119412
0.00020143362233596254	34.02203917591157
0.00020143363098276587	34.02203917591157
0.00020646459291202986	34.022038740629036
0.00020646459937793764	34.022038740629036
0.00021172527477475816	34.02203830534649
0.00021172527870391984	34.02203830534649
0.00021813668175609728	34.02203780013623
0.00021813668207579408	34.02203780013623
0.00022489734529892896	34.022037294925966
0.0002248973335425885	34.022037294925966
0.0002320303300681235	34.02203678971569
0.0002320303130541946	34.02203678971569
0.00023955981208934364	34.02203628450542
0.0002395597947966934	34.02203628450542
0.00024751092455736474	34.02203577929515
0.00024751090294405914	34.02203577929515
0.0002559095243627091	34.022035274084885
0.0002559094979248831	34.022035274084885
0.0002677188104505266	34.0220346075705
0.0002677187344311703	34.0220346075705
0.00028041293167056834	34.022033941056115
0.0002804128539277785	34.022033941056115
0.00029404996384493947	34.02203327454172
0.00029405001707332823	34.02203327454172
0.00030868351943851144	34.02203260802734
0.00030868353850145895	34.02203260802734
0.00032435840822739553	34.02203194151294
0.00032435842974320507	34.02203194151294
0.000341107443660666	34.02203127499857
0.0003411075122677071	34.02203127499857
0.0003380423601168179	34.02203139380244
0.0003380423951397053	34.02203139380244
0.0003524621737626124	34.02203084609194
0.0003524621967349978	34.02203084609194
0.0003676190417205143	34.02203029838144
0.0003676190920377407	34.02203029838144
0.0003835041719101494	34.02202975067093
0.0003835042226162391	34.02202975067093
0.00040009772026272596	34.022029202960425
0.0004000977716448112	34.022029202960425
0.000417368645160766	34.02202865524992
0.00041736868778142073	34.02202865524992
0.0004352750224131774	34.02202810753941
0.00043527504486458833	34.02202810753941
0.00045376508251523576	34.02202755982891
0.00045376507834648616	34.02202755982891
0.00047277886682734887	34.02202701211841
0.00047277883374764	34.02202701211841
0.0004922503406747286	34.0220264644079
0.0004922502833954336	34.0220264644079
0.0005121097793254232	34.0220259166974
0.0005121097080842097	34.0220259166974
0.0005322861901766519	34.022025368986895
0.0005322861179308617	34.022025368986895
0.0005527095653093447	34.02202482127639
0.000552709503994934	34.02202482127639
0.0005733128027244847	34.02202427356588
0.0005733127603030928	34.02202427356588
0.0005940332009423498	34.022023725855384
0.0005940331801587188	34.022023725855384
0.0006148134964191121	34.02202317814488
0.0006148134953579158	34.02202317814488
0.0006356024666368193	34.02202263043437
0.0006356024804125333	34.02202263043437
0.0006563551574344582	34.02202208272387
0.0006563551801308653	34.02202208272387
0.0006770328111984228	34.022021535013366
0.0006770328373930493	34.022021535013366
0.0006976025761410138	34.02202098730286
0.0006976026017457095	34.02202098730286
0.0007180370706542489	34.02202043959235
0.0007180370931304332	34.02202043959235
0.0007383138650308298	34.022019891881854
0.0007383138831967396	34.022019891881854
0.0007561861270930653	34.02201940515126
0.0007561861367350774	34.02201940515126
0.0007739094665299615	34.02201891842066
0.0007739094758487243	34.02201891842066
0.0007914759164710811	34.02201843169007
0.000791475924556902	34.02201843169007
0.000808879332793728	34.022017944959465
0.0008088793401549134	34.022017944959465
0.0008261151538033379	34.02201745822888
0.0008261151620124164	34.02201745822888
0.0008431801769717728	34.022016971498275
0.0008431801854627538	34.022016971498275
0.0008614690103715119	34.02201644429892
0.0008614690212435987	34.02201644429892
0.0008795537502678605	34.022015917099566
0.0008795537638159759	34.022015917099566
0.0008974341912577039	34.02201538990021
0.0008974342028773939	34.02201538990021
0.0009151110308345876	34.02201486270086
0.0009151110415366503	34.02201486270086
0.0009325857174156187	34.022014335501495
0.0009325857268905273	34.022014335501495
0.0009498602975006351	34.022013808302134
0.0009498603058102566	34.022013808302134
0.0009765540028077011	34.022012981532065
0.0009765540367517849	34.022012981532065
0.0010027733458296195	34.02201215476199
0.001002773437153344	34.02201215476199
0.0010285314296587709	34.022011327991926
0.0010285315052160973	34.022011327991926
0.0010538421114793964	34.02201050122185
0.0010538421705871214	34.02201050122185
0.0010787198162739787	34.02200967445178
0.0010787198615700637	34.02200967445178
0.001103179149152357	34.02200884768171
0.0011031791838401034	34.02200884768171
0.001127234661337281	34.022008020911635
0.0011272346876894464	34.022008020911635
0.0011509006815510134	34.022007194141565
0.0011509007014884596	34.022007194141565
0.0011741912002125523	34.022006367371496
0.0011741912152298097	34.022006367371496
0.0012016132598833035	34.02200537706878
0.001201613280340602	34.02200537706878
0.0012285384638266205	34.022004386766056
0.00122853849204084	34.022004386766056
0.0012549882378231779	34.02200339646334
0.00125498825504427	34.02200339646334
0.0012809829026991211	34.022002406160624
0.001280982915198956	34.022002406160624
0.0013065417541504938	34.02200141585791
0.0013065417625380304	34.02200141585791
0.0013316830473993565	34.02200042555519
0.0013316830529550077	34.02200042555519
0.0013610983498779704	34.02199924639015
0.001361098356118724	34.02199924639015
0.0013899734329102136	34.02199806722513
0.0013899734401383453	34.02199806722513
0.0014183338651366307	34.02199688806009
0.0014183338678207924	34.02199688806009
0.0014462035098571943	34.021995708895055
0.0014462035105864207	34.021995708895055
0.0014736046669875037	34.02199452973002
0.0014736046662558553	34.02199452973002
0.001500558174690288	34.02199335056498
0.0015005581730995231	34.02199335056498
0.0015469481775061216	34.02199127611977
0.001546948163251806	34.02199127611977
0.0015921093663898045	34.02198920167456
0.0015921093348448424	34.02198920167456
0.001636128243804271	34.021987127229345
0.001636128257286307	34.021987127229345
0.0016790824292626703	34.02198505278414
0.0016790824419606351	34.02198505278414
0.001721041500650857	34.021982978338926
0.0017210415070651984	34.021982978338926
0.0017620681803670927	34.021980903893706
0.0017620681873738314	34.021980903893706
0.001802219188383602	34.0219788294485
0.0018022191955646713	34.0219788294485
0.0018616368334618601	34.021975678928435
0.001861636862825962	34.021975678928435
0.0019193123761102225	34.02197252840838
0.0019193124751705586	34.02197252840838
0.0019753856177007418	34.02196937788832
0.0019753857079528253	34.02196937788832
0.0020299789808230113	34.02196622736825
0.0020299790519728174	34.02196622736825
0.0020832004996643666	34.021963076848195
0.0020832005538513818	34.021963076848195
0.00213514599104184	34.02195992632814
0.0021351460328228517	34.02195992632814
0.0021859008589512874	34.02195677580808
0.0021859008908309734	34.02195677580808
0.0022355415752483023	34.02195362528801
0.002235541599759186	34.02195362528801
0.0022841369131443544	34.021950474767955
0.002284136932076352	34.021950474767955
0.0023317489709672066	34.0219473242479
0.002331748985682062	34.0219473242479
0.0023875040610530952	34.02194355458831
0.002387504082280086	34.02194355458831
0.002442018696915344	34.02193978492873
0.0024420187166774602	34.02193978492873
0.002495370930651476	34.021936015269155
0.002495370872554039	34.021936015269155
0.002547630870784762	34.02193224560957
0.002547630792899124	34.02193224560957
0.002598862066086007	34.02192847594999
0.002598862002231732	34.02192847594999
0.0026491222163366164	34.02192470629041
0.002649122164843638	34.02192470629041
0.0027100429178320866	34.02192004210917
0.0027100428324644847	34.02192004210917
0.002769647212280353	34.02191537792793
0.0027696470753572305	34.02191537792793
0.0028280158993900135	34.021910713746685
0.0028280158024630306	34.021910713746685
0.0028852221119214662	34.021906049565445
0.0028852220319482134	34.021906049565445
0.002941331980731855	34.021901385384204
0.0029413319170096836	34.021901385384204
0.0029964056635473453	34.02189672120296
0.002996405611937126	34.02189672120296
0.0030684402952303813	34.02189049173825
0.00306844018389234	34.02189049173825
0.0031388420404405088	34.02188426227354
0.0031388418272131715	34.02188426227354
0.003207716147481831	34.02187803280882
0.003207715993671612	34.02187803280882
0.0032751574426901887	34.02187180334411
0.003275157318718881	34.02187180334411
0.0033412511988064946	34.0218655738794
0.003341251101395283	34.0218655738794
0.0034060746191394544	34.02185934441469
0.0034060745412426417	34.02185934441469
0.0034894361862492	34.02185115911178
0.003489436029467974	34.02185115911178
0.0035708681372285177	34.021842973808866
0.0035708678496817543	34.021842973808866
0.0036504976560084025	34.021834788505956
0.0036504974527313996	34.021834788505956
0.00372843906890363	34.02182660320304
0.0037284389059560152	34.02182660320304
0.0038047948956907328	34.02181841790013
0.003804794768662215	34.02181841790013
0.0038796577535055183	34.02181023259722
0.003879657652591022	34.02181023259722
0.003973432270353377	34.02179975592719
0.003973432086054891	34.02179975592719
0.004065056161040953	34.02178927925717
0.004065055843844977	34.02178927925717
0.004154670176042001	34.02177880258714
0.004154669954954207	34.02177880258714
0.004242400900066746	34.02176832591712
0.004242400722159681	34.02176832591712
0.004328361915225389	34.021757849247095
0.00432836177650907	34.021757849247095
0.0044126558984287825	34.021747372577074
0.0044126557881777806	34.021747372577074
0.0045185241073205165	34.02173392945818
0.004518523904101791	34.02173392945818
0.004621977222449773	34.021720486339284
0.004621976870491034	34.021720486339284
0.004723172676222404	34.02170704322039
0.0047231724305800615	34.02170704322039
0.004822252102396126	34.02169360010149
0.004822251904757488	34.02169360010149
0.004919342631103311	34.0216801569826
0.004919342476968299	34.0216801569826
0.005014559221618352	34.0216667138637
0.00501455909909024	34.0216667138637
0.005134150736321714	34.02164946533615
0.00513415051045867	34.02164946533615
0.005251026398810649	34.021632216808584
0.005251026007614541	34.021632216808584
0.0053653626188132336	34.021614968281014
0.0053653623457003185	34.021614968281014
0.005477318149943814	34.021597719753444
0.0054773179301239195	34.021597719753444
0.0055870355369856935	34.02158047122588
0.005587035365488813	34.02158047122588
0.005694643715666898	34.021563222698326
0.005694643579292395	34.021563222698326
0.005829807008970924	34.021541092080774
0.005829806757509496	34.021541092080774
0.00596191233911879	34.02151896146322
0.005961911903504041	34.02151896146322
0.006091157729439642	34.02149683084567
0.006091157425178323	34.02149683084567
0.006217721430775606	34.02147470022812
0.006217721185783809	34.02147470022812
0.006341763542871678	34.021452569610574
0.006341763351655125	34.021452569610574
0.006463428917741684	34.02143043899302
0.006463428765629287	34.02143043899302
0.00661624161128854	34.02140204779364
0.006616241330808149	34.02140204779364
0.0067656080365905815	34.02137365659426
0.0067656075507150385	34.02137365659426
0.006911750764783214	34.021345265394885
0.006911750425261013	34.021345265394885
0.007054870190444734	34.0213168741955
0.0070548699169386995	34.0213168741955
0.007195146351258297	34.02128848299611
0.007195146137691722	34.02128848299611
0.0073327421757934715	34.021260091796734
0.007332742005835833	34.021260091796734
0.00750554667799559	34.02122367467241
0.007505546364652088	34.02122367467241
0.007674464686256327	34.021187257548085
0.00767446414351356	34.021187257548085
0.007839746612663559	34.02115084042376
0.007839746233232862	34.02115084042376
0.008001617965962153	34.02111442329944
0.008001617660170792	34.02111442329944
0.008160281396438986	34.021078006175124
0.008160281157558175	34.021078006175124
0.008315920334030303	34.021041589050796
0.008315920143854967	34.021041589050796
0.008511360783162463	34.0209948852813
0.008511360432616485	34.0209948852813
0.008702416023193507	34.0209481815118
0.008702415416111402	34.0209481815118
0.008889368013629497	34.0209014777423
0.008889367589037538	34.0209014777423
0.009072470720734038	34.0208547739728
0.009072470378399035	34.0208547739728
0.009251952417862086	34.02080807020331
0.009251952150322292	34.02080807020331
0.0094280197656359	34.02076136643381
0.00942801955256747	34.02076136643381
0.009649083357801435	34.0207014809778
0.009649082965150579	34.0207014809778
0.00986519703626287	34.020641595521795
0.009865196356388651	34.020641595521795
0.01007667848754407	34.020581710065784
0.010076678011851279	34.020581710065784
0.010283813905618566	34.02052182460977
0.010283813521927516	34.02052182460977
0.010486860581701913	34.02046193915376
0.01048686028172491	34.02046193915376
0.01068605148489898	34.02040205369775
0.010686051245916485	34.02040205369775
0.010936114783579436	34.02032527933622
0.010936114343281914	34.02032527933622
0.011180588942559029	34.020248504974674
0.011180588180329777	34.020248504974674
0.011419832094038471	34.020171730613136
0.011419831560527074	34.020171730613136
0.011654166916176672	34.020094956251604
0.01165416648568856	34.020094956251604
0.011883883550686371	34.02001818189006
0.011883883214001644	34.02001818189006
0.012109244749931027	34.01994140752852
0.012109244481620715	34.01994140752852
0.012392125807441383	34.019842997187276
0.012392125313230477	34.019842997187276
0.01266869429250919	34.01974458684602
0.012668693437105591	34.01974458684602
0.012939354114220428	34.01964617650477
0.01293935351529141	34.01964617650477
0.013204469243955042	34.01954776616353
0.013204468760516458	34.01954776616353
0.013464367004072561	34.01944935582228
0.013464366625851367	34.01944935582228
0.013719343856036017	34.01935094548103
0.013719343554538506	34.01935094548103
0.014039361016648018	34.01922482077482
0.014039360461435793	34.01922482077482
0.014352246985498217	34.0190986960686
0.014352246024679207	34.0190986960686
0.01465845747469466	34.01897257136238
0.014658456801751412	34.01897257136238
0.014958403184731923	34.01884644665617
0.014958402641382642	34.01884644665617
0.01525245351317133	34.01872032194996
0.015252453087952443	34.01872032194996
0.015540943068118178	34.018594197243736
0.015540942729069026	34.018594197243736
0.01590298141954443	34.01843257537382
0.01590298079531307	34.01843257537382
0.01625696233700528	34.0182709535039
0.01625696125692099	34.0182709535039
0.016603400149361455	34.01810933163399
0.016603399392678263	34.01810933163399
0.016942758432550695	34.01794770976407
0.016942757821417048	34.01794770976407
0.01727545419354227	34.01778608789415
0.017275453715148232	34.01778608789415
0.01760186520453838	34.01762446602423
0.017601864823001082	34.01762446602423
0.01801145175957074	34.01741738215769
0.018011451057249772	34.01741738215769
0.018411932938380594	34.01721029829114
0.01841193172336067	34.01721029829114
0.01880388939234447	34.01700321442459
0.018803888540917763	34.01700321442459
0.019187844523802088	34.01679613055805
0.019187843835976416	34.01679613055805
0.019564269207791397	34.0165890466915
0.01956426866923389	34.0165890466915
0.019933590054851805	34.01638196282495
0.019933589625242127	34.01638196282495
0.02039697889363069	34.01611665867472
0.020396978102958173	34.01611665867472
0.020850076786852613	34.01585135452448
0.02085007541916666	34.01585135452448
0.02129353942406115	34.01558605037424
0.0212935384654412	34.01558605037424
0.021727957895881004	34.015320746224006
0.021727957121285394	34.015320746224006
0.022153864024226016	34.01505544207377
0.022153863417598885	34.01505544207377
0.02257173967574054	34.01479013792354
0.022571739191741026	34.01479013792354
0.02309600845686104	34.01445027904225
0.02309600756622651	34.01445027904225
0.023608645083073455	34.01411042016096
0.023608643542659766	34.01411042016096
0.024110390140727755	34.013770561279685
0.02411038906082816	34.013770561279685
0.024601911301578735	34.0134307023984
0.02460191042881074	34.0134307023984
0.025083809341428863	34.01309084351712
0.02508380865778711	34.01309084351712
0.02555662864227072	34.01275098463583
0.02555662809673396	34.01275098463583
0.026149788100690893	34.012315658431184
0.0261497870969576	34.012315658431184
0.02672979819033878	34.01188033222653
0.026729796454497242	34.01188033222653
0.027297495546367293	34.01144500602188
0.027297494329249307	34.01144500602188
0.02785363448107344	34.01100967981724
0.027853633497231522	34.01100967981724
0.02839889378143091	34.01057435361259
0.028398893010653736	34.01057435361259
0.028933888556135955	34.01013902740794
0.028933887940975164	34.01013902740794
0.029605006868576526	34.00958146042915
0.0296050057368802	34.00958146042915
0.03026125957958858	34.00902389345036
0.03026125762263278	34.00902389345036
0.030903591988406438	34.00846632647157
0.030903590616034683	34.00846632647157
0.031532856427077496	34.007908759492786
0.03153285531756335	34.007908759492786
0.032149819939215715	34.007351192513994
0.03214981906985149	34.007351192513994
0.032755177648683714	34.0067936255352
0.03275517695474886	34.0067936255352
0.03351452186108033	34.00607954134668
0.03351452058460125	34.00607954134668
0.03425705922301347	34.00536545715815
0.03425705701587655	34.00536545715815
0.03498385796839275	34.004651372969626
0.03498385642035849	34.004651372969626
0.03569588132116932	34.0039372887811
0.03569588006946394	34.0039372887811
0.03639399617108164	34.00322320459257
0.03639399519017229	34.00322320459257
0.037078988163943616	34.00250912040405
0.03707898738088115	34.00250912040405
0.037938185269094794	34.001594637281414
0.03793818382879953	34.001594637281414
0.03877837990593045	34.00068015415878
0.03877837741571832	34.00068015415878
0.039600779385960724	33.99976567103615
0.0396007776391682	33.99976567103615
0.040406472385789566	33.998851187913516
0.040406470973199535	33.998851187913516
0.04119643875083379	33.997936704790895
0.04119643764371589	33.997936704790895
0.04197156653348934	33.99702222166826
0.04197156564958328	33.99702222166826
0.04294639987843738	33.99584797806651
0.04294639835704743	33.99584797806651
0.043899632440948376	33.99467373446475
0.04389963210306642	33.99467373446475
0.044832641480230306	33.993499490862995
0.04483264434634541	33.993499490862995
0.045746671239487224	33.99232524726124
0.04574667242218597	33.99232524726124
0.0466428320469558	33.99115100365948
0.046642832406798326	33.99115100365948
0.0475221349302691	33.98997676005772
0.04752213517041991	33.98997676005772
0.04838549956057785	33.988802516455976
0.048385499752952	33.988802516455976
0.04947265463277382	33.98729390652886
0.04947265498404708	33.98729390652886
0.05053648870421155	33.98578529660174
0.050536489453282867	33.98578529660174
0.051578445701329946	33.98427668667463
0.05157844620370884	33.98427668667463
0.05259982498027872	33.98276807674752
0.05259982538237847	33.98276807674752
0.0536018030225699	33.981259466820404
0.05360180331923827	33.981259466820404
0.05458544819320682	33.9797508568933
0.05458544842225851	33.9797508568933
0.05555173437538435	33.978242246966175
0.055551734552060805	33.978242246966175
0.056825892712088544	33.97621264424045
0.05682589310963162	33.97621264424045
0.05807219733426589	33.97418304151472
0.058072198294218384	33.97418304151472
0.059292405880444266	33.97215343878899
0.05929240655616621	33.97215343878899
0.06048809672680835	33.97012383606326
0.0604880972552254	33.97012383606326
0.06166069632425017	33.96809423333754
0.061660696713770585	33.96809423333754
0.06281149789563462	33.96606463061181
0.06281149819474718	33.96606463061181
0.06394167842864089	33.96403502788608
0.06394167865830377	33.96403502788608
0.06540904644396413	33.96134613826864
0.06540904692992126	33.96134613826864
0.06684435685632345	33.958657248651186
0.0668443579812851	33.958657248651186
0.06824963362616154	33.95596835903373
0.06824963440159568	33.95596835903373
0.06962669418890659	33.95327946941629
0.06962669479895259	33.95327946941629
0.07097718106616473	33.95059057979885
0.07097718151505157	33.95059057979885
0.07230258329500093	33.947901690181396
0.072302583639781	33.947901690181396
0.07360425605064791	33.945212800563944
0.07360425631532169	33.945212800563944
0.07529730084925614	33.94164409252512
0.0752973014130384	33.94164409252512
0.07695333040756355	33.9380753844863
0.07695333171879502	33.9380753844863
0.0785746867908298	33.93450667644746
0.0785746876962025	33.93450667644746
0.08016347263499812	33.93093796840863
0.0801634733463895	33.93093796840863
0.08172158786677414	33.9273692603698
0.08172158839003328	33.9273692603698
0.08325075458131174	33.923800552330974
0.0832507549830222	33.923800552330974
0.08475253980997106	33.92023184429214
0.08475254011820431	33.92023184429214
0.08670524966076618	33.915496942130716
0.08670525031627947	33.915496942130716
0.08861528409733269	33.910762039969306
0.08861528562031086	33.910762039969306
0.09048534759804706	33.90602713780789
0.09048534864875366	33.90602713780789
0.09231786783765188	33.901292235646466
0.09231786866308409	33.901292235646466
0.09411503820257433	33.89655733348504
0.09411503880948147	33.89655733348504
0.09587884656243101	33.891822431323625
0.09587884702823868	33.891822431323625
0.09761110161023724	33.88708752916221
0.09761110196754716	33.88708752916221
0.09986375552212838	33.88080470448315
0.09986375628210681	33.88080470448315
0.10206723168562311	33.8745218798041
0.10206723345155061	33.8745218798041
0.10422465161254652	33.86823905512504
0.10422465283061834	33.86823905512504
0.10633881699912127	33.86195623044599
0.10633881795573953	33.86195623044599
0.10841225890652832	33.85567340576693
0.10841225960969057	33.85567340576693
0.11044727101802598	33.84939058108788
0.11044727155759124	33.84939058108788
0.1124459400889123	33.84310775640881
0.11244594050269666	33.84310775640881
0.11504488930734545	33.83477177997981
0.11504489018693746	33.83477177997981
0.11758721774958658	33.8264358035508
0.11758721979269958	33.8264358035508
0.12007652484564808	33.818099827121785
0.12007652625441687	33.818099827121785
0.12251604096522668	33.80976385069278
0.1225160420714509	33.80976385069278
0.12490868421990255	33.80142787426377
0.12490868503286151	33.80142787426377
0.1272570988512945	33.79309189783476
0.1272570994750258	33.79309189783476
0.1295636903842057	33.784755921405754
0.12956369086245245	33.784755921405754
0.13256272621174556	33.77369769951862
0.1325627272275971	33.77369769951862
0.13549663829827008	33.7626394776315
0.13549664065665712	33.7626394776315
0.13836957307930367	33.75158125574438
0.1383695747049206	33.75158125574438
0.14118525162796297	33.74052303385725
0.14118525290442163	33.74052303385725
0.14394703515658863	33.729464811970125
0.1439470360945343	33.729464811970125
0.14665796926727453	33.718406590083
0.1466579699868585	33.718406590083
0.14932082447871428	33.70734836819588
0.14932082503039998	33.70734836819588
0.1527823671650529	33.692683245485725
0.15278236833553638	33.692683245485725
0.15616910536659898	33.67801812277558
0.15616910808172577	33.67801812277558
0.15948580992334838	33.66335300006543
0.15948581179416355	33.66335300006543
0.16273676214761765	33.64868787735528
0.16273676361677078	33.64868787735528
0.1659258292170315	33.63402275464514
0.16592583029653274	33.63402275464514
0.16905651509903138	33.61935763193498
0.16905651592724444	33.61935763193498
0.17213200719641064	33.60469250922483
0.17213200783136617	33.60469250922483
0.1761286821687525	33.58525270188731
0.17612868351369698	33.58525270188731
0.18003958080146037	33.565812894549794
0.18003958391755262	33.565812894549794
0.18387018434917918	33.54637308721228
0.18387018649536055	33.54637308721228
0.18762541170018757	33.52693327987477
0.18762541338605215	33.52693327987477
0.191309705961956	33.50749347253725
0.19130970720077983	33.50749347253725
0.1949270929509816	33.488053665199736
0.19492709390156546	33.488053665199736
0.19848123477547475	33.468613857862216
0.19848123550429925	33.468613857862216
0.20309778060785585	33.44286141668314
0.20309778214812102	33.44286141668314
0.20761619404303247	33.417108975504064
0.2076161976056782	33.417108975504064
0.2120427610486633	33.39135653432499
0.21204276350116508	33.39135653432499
0.21638312298716572	33.36560409314592
0.21638312491458062	33.36560409314592
0.220642375782884	33.339851651966846
0.22064237719948318	33.339851651966846
0.2248251369368632	33.314099210787774
0.22482513802415688	33.314099210787774
0.22893560692856535	33.2883467696087
0.22893560776235933	33.2883467696087
0.23427128530461483	33.25426250965413
0.2342712870612483	33.25426250965413
0.23949504217105516	33.220178249699565
0.2394950462247813	33.220178249699565
0.24461406975357708	33.18609398974499
0.24461407254241255	33.18609398974499
0.24963482349709548	33.15200972979043
0.24963482569046042	33.15200972979043
0.25456313524952473	33.11792546983586
0.25456313686215176	33.11792546983586
0.2594042898058552	33.083841209881285
0.25940429104414975	33.083841209881285
0.26416309505293106	33.04975694992672
0.2641630960028232	33.04975694992672
0.27033478269917116	33.00470099773028
0.27033478469198985	33.00470099773028
0.27637936345544983	32.95964504553385
0.27637936803974217	32.95964504553385
0.2823050424464047	32.914589093337405
0.2823050455978183	32.914589093337405
0.2881191857353735	32.86953314114096
0.28811918821656135	32.86953314114096
0.29382844893109705	32.82447718894452
0.2938284507563262	32.82447718894452
0.2994388642665822	32.77942123674808
0.2994388656690346	32.77942123674808
0.3049559204136071	32.73436528455164
0.3049559214899516	32.73436528455164
0.31210218237019216	32.67490598984978
0.31210218461551653	32.67490598984978
0.3191049478014908	32.61544669514793
0.3191049529446242	32.61544669514793
0.3259735429059178	32.55598740044607
0.32597354643803306	32.55598740044607
0.33271634290472024	32.49652810574422
0.33271634568982955	32.49652810574422
0.339340917326819	32.43706881104236
0.3393409193772329	32.43706881104236
0.34585412855590125	32.377609516340506
0.34585413013282285	32.377609516340506
0.3522622221774379	32.318150221638646
0.35226222338854224	32.318150221638646
0.36054883691164813	32.239861573637796
0.36054883941887245	32.239861573637796
0.36867482660455597	32.16157292563694
0.3686748323144952	32.16157292563694
0.3766507432665222	32.08328427763609
0.37665074718296754	32.08328427763609
0.38448606789561274	32.004995629635225
0.3844860709901606	32.004995629635225
0.39218937335491	31.92670698163438
0.39218937563565553	31.92670698163438
0.39976843513393134	31.84841833363352
0.39976843689022123	31.84841833363352
0.4072303329219367	31.77012968563267
0.4072303342721424	31.77012968563267
0.41685803995690035	31.66736497731439
0.41685804272355376	31.66736497731439
0.4263081969136817	31.564600268996113
0.42630820316536305	31.564600268996113
0.4355926777067851	31.461835560677844
0.435592681987864	31.461835560677844
0.4447221602728463	31.359070852359565
0.4447221636650197	31.359070852359565
0.45370630733506995	31.256306144041282
0.4537063098389886	31.256306144041282
0.46255388976609346	31.153541435723007
0.4625538916975807	31.153541435723007
0.47127289975558606	31.050776727404727
0.47127290124251625	31.050776727404727
0.4824886749569686	30.916441443432166
0.4824886779620122	30.916441443432166
0.49351195748208504	30.7821061594596
0.4935119642008198	30.7821061594596
0.504356029816805	30.647770875487037
0.504356034408116	30.647770875487037
0.5150328544630818	30.513435591514465
0.5150328581148799	30.513435591514465
0.5255532718829807	30.3791003075419
0.5255532745841553	30.3791003075419
0.5359271362543603	30.24476502356934
0.5359271383429041	30.24476502356934
0.5461634400589592	30.11042973959677
0.5461634416698005	30.11042973959677
0.5592776287143074	29.9358047113414
0.559277631909777	29.9358047113414
0.5721896362924044	29.761179683086024
0.5721896433344638	29.761179683086024
0.5849142494372711	29.58655465483065
0.584914254236685	29.58655465483065
0.5974648223295748	29.41192962657528
0.5974648261663595	29.41192962657528
0.6098534896431611	29.237304598319906
0.6098534924891943	29.237304598319906
0.6220913136154308	29.06267957006453
0.6220913158229642	29.06267957006453
0.6341884190951896	28.888054541809154
0.6341884208021202	28.888054541809154
0.6496021108544493	28.6627691307882
0.6496021141565071	28.6627691307882
0.6648152049033649	28.43748371976725
0.6648152120377492	28.43748371976725
0.6798441771587012	28.212198308746288
0.6798441820047769	28.212198308746288
0.6947039902516943	27.98691289772533
0.6947039941523043	27.98691289772533
0.7094083175529837	27.761627486704377
0.7094083204575374	27.761627486704377
0.7239696995034387	27.53634207568342
0.7239697017660939	27.53634207568342
0.7383996873153055	27.311056664662463
0.7383996890709577	27.311056664662463
0.757164431327995	27.015258780493713
0.7571644348252186	27.015258780493713
0.7757432005420724	26.71946089632496
0.7757432038057261	26.71946089632496
0.7941562705831822	26.423663012156208
0.7941562572133963	26.423663012156208
0.8124222080918918	26.12786512798746
0.8124221905715547	26.12786512798746
0.8305581823535162	25.832067243818706
0.8305581680708476	25.832067243818706
0.8485801315280648	25.536269359649953
0.8485801200778978	25.536269359649953
0.87315856386599	25.130255387541407
0.8731585368132293	25.130255387541407
0.8975857331278039	24.72424141543286
0.8975856785050774	24.72424141543286
0.9218945606472446	24.318227443324314
0.9218945211294859	24.318227443324314
0.9461158578741132	23.912213471215768
0.9461158266969546	23.912213471215768
0.9702785704105228	23.506199499107222
0.970278546429402	23.506199499107222
0.994410184211925	23.100185526998676
0.9944101654516317	23.100185526998676
1.0256966631866522	22.57373476684132
1.0256966283165987	22.57373476684132
1.0570301845526786	22.047284006683963
1.0570301243143196	22.047284006683963
1.0884640962111007	21.520833246526607
1.0884640566437338	21.520833246526607
1.1200508257154758	20.99438248636925
1.1200507969406028	20.99438248636925
1.1518423587396691	20.467931726211894
1.1518423398216304	20.467931726211894
1.1838909293748394	19.941480966054538
1.1838909181972679	19.941480966054538
1.2218615304003373	19.32430246451888
1.2218615233304688	19.32430246451888
1.260346437961153	18.707123962983232
1.2603464401367221	18.707123962983232
1.2994377122690333	18.089945461447574
1.2994377337756053	18.089945461447574
1.339232853593156	17.472766959911922
1.3392328933055808	17.472766959911922
1.379836325161374	16.855588458376264
1.3798363850131146	16.855588458376264
1.4213613273374646	16.238409956840616
1.4213614105126973	16.238409956840616
1.463931826397475	15.621231455304958
1.4639319379325297	15.621231455304958
1.5076849517131103	15.004052953769307
1.5076850988369115	15.004052953769307
1.5527738730260634	14.386874452233652
1.552774066054118	14.386874452233652
1.5993713098928568	13.769695950697995
1.599371563415834	13.769695950697995
1.5908240073168651	13.881313178991288
1.590824139781453	13.881313178991288
1.6299925891595934	13.375751905748926
1.6299926616964888	13.375751905748926
1.6703988254653137	12.870190632506565
1.6703989672477475	12.870190632506565
1.7121773012245667	12.364629359264203
1.7121774648974728	12.364629359264203
1.7554803341068719	11.85906808602184
1.7554805470286925	11.85906808602184
1.800481925008803	11.353506812779479
1.8004822004969014	11.353506812779479
1.847382160084167	10.84794553953712
1.84738252088573	10.84794553953712
1.8388531702611812	10.9382772369122
1.8388533604470487	10.9382772369122
1.878631231472792	10.52304766104492
1.8786313379651847	10.52304766104492
1.9199596133961887	10.107818085177641
1.9199598196829577	10.107818085177641
1.963002619404397	9.692588509310362
1.9630028608150887	9.692588509310362
2.0079486273444465	9.27735893344308
2.0079489444382683	9.27735893344308
2.0550156796349737	8.862129357575801
2.055016095306253	8.862129357575801
2.104457816473774	8.446899781708522
2.1044583687390084	8.446899781708522
2.0944629284476437	8.529143976309072
2.094463198285086	8.529143976309072
2.135587921830174	8.196158595042345
2.135588054483367	8.196158595042345
2.178563295203987	7.863173213775616
2.178563581037798	7.863173213775616
2.223588465211584	7.530187832508887
2.223588796968182	7.530187832508887
2.2708937968621177	7.197202451242158
2.2708942379823664	7.197202451242158
2.3207482706900255	6.86421706997543
2.3207488554954994	6.86421706997543
2.31159406169398	6.924016867914794
2.3115943688407765	6.924016867914794
2.3541810456380623	6.65083128458743
2.3541812211037083	6.65083128458743
2.398851719595688	6.3776457012600645
2.3988520610390243	6.3776457012600645
2.4458344406341967	6.1044601179327005
2.4458348474814042	6.1044601179327005
2.4953942140605405	5.8312745346053365
2.4953947563488437	5.8312745346053365
2.547841810477902	5.5580889512779725
2.5478425339183177	5.5580889512779725
2.5378556038712756	5.608884497822643
2.5378559745539695	5.608884497822643
2.582424345642728	5.386494461039951
2.582424549499253	5.386494461039951
2.629324210395473	5.164104424257256
2.629324620029796	5.164104424257256
2.678815519938478	4.941714387474563
2.678816007547732	4.941714387474563
2.7312012939199213	4.71932435069187
2.7312019469932114	4.71932435069187
2.7868381552359804	4.4969343139091755
2.7868390306368958	4.4969343139091755
2.7758575627435103	4.539742090164548
2.77585799993693	4.539742090164548
2.8228511328009516	4.360159829637228
2.8228513629174707	4.360159829637228
2.8724337880186908	4.180577569109906
2.872434266818414	4.180577569109906
2.924899151585566	4.000995308582585
2.924899719623003	4.000995308582585
2.9805896877764813	3.821413048055264
2.9805904510783803	3.821413048055264
3.039909426815825	3.641830787527942
3.0399104529853163	3.641830787527942
3.027875207432769	3.67732723410726
3.0278757096168265	3.67732723410726
3.0777389166548383	3.533241420159256
3.0777391711525417	3.533241420159256
3.1304614040125447	3.389155606211253
3.1304619491889114	3.389155606211253
3.1863703560627186	3.245069792263249
3.186371000251451	3.245069792263249
3.2458483728293728	3.1009839783152455
3.2458492398545498	3.1009839783152455
3.309347446533039	2.956898164367242
3.309348613513649	2.956898164367242
3.296135570129032	2.9860855542289286
3.2961361302931382	2.9860855542289286
3.3492455437648694	2.8711871301426113
3.349245816283507	2.8711871301426113
3.4054867159830318	2.756288706056295
3.4054873172070237	2.756288706056295
3.4652193914922886	2.6413902819699784
3.465220097492153	2.6413902819699784
3.5288642283083633	2.5264918578836615
3.528865178313508	2.5264918578836615
3.5969182128147925	2.4115934337973446
3.5969194902694395	2.4115934337973446
3.5826848625784957	2.4349759590274442
3.582685473555613	2.4349759590274442
3.639593855477355	2.343460060171227
3.6395941495825896	2.343460060171227
3.6999289973610043	2.25194416131501
3.699929650105661	2.25194416131501
3.764084762081137	2.160428262458793
3.764085526341022	2.160428262458793
3.8325214876244664	2.0689123636025757
3.832522514434592	2.0689123636025757
3.9057827359709885	1.9773964647463582
3.905784114140422	1.9773964647463582
3.89037055195484	1.9961220489345377
3.890371208276797	1.9961220489345377
3.9515886957064317	1.9233317342665002
3.9515890071657367	1.9233317342665002
4.0165432568647175	1.8505414195984624
4.016543953333167	1.8505414195984624
4.085662784480814	1.7777511049304249
4.085663596302664	1.7777511049304249
4.159446822900039	1.7049607902623871
4.15944791090315	1.7049607902623871
4.146734490935545	1.7171578312719915
4.146735089708154	1.7171578312719915
4.211371605264754	1.6565645576135577
4.21137197564084	1.6565645576135577
4.279959123851409	1.5959712839551248
4.279959805752902	1.5959712839551248
4.352944798890267	1.5353780102966912
4.352945620018052	1.5353780102966912
4.430850017974977	1.4747847366382576
4.430851108951305	1.4747847366382576
4.514288005247005	1.4141914629798242
4.51428945870987	1.4141914629798242
4.496904363287854	1.4264673027431136
4.496905061206173	1.4264673027431136
4.566835895649616	1.3781498688479699
4.5668362275574275	1.3781498688479699
4.6410595486600466	1.3298324349528259
4.641060282610964	1.3298324349528259
4.720057542275515	1.2815150010576817
4.720058391696713	1.2815150010576817
4.8043898773505935	1.2331975671625375
4.804391006927584	1.2331975671625375
4.8947139892994125	1.1848801332673935
4.894715487854812	1.1848801332673935
4.875727867529756	1.1947569891294567
4.875728582008828	1.1947569891294567
4.951239903957544	1.1563164110963753
4.951240235089907	1.1563164110963753
5.031365758568108	1.117875833063294
5.031366500498346	1.117875833063294
5.116615130955094	1.0794352550302129
5.116615982186347	1.0794352550302129
5.207578258868819	1.0409946769971314
5.207579385576681	1.0409946769971314
5.304945863924893	1.0025540989640505
5.3049473500358895	1.0025540989640505
5.284635850330019	1.0103534812385206
5.284636563237808	1.0103534812385206
5.366164727983984	0.9797122854799094
5.366165058899224	0.9797122854799094
5.45262698662924	0.9490710897212984
5.452627721984722	0.9490710897212984
5.544556463710026	0.9184298939626873
5.54455730280694	0.9184298939626873
5.642569407964597	0.887788698204076
5.6425705124509475	0.887788698204076
5.747384341378465	0.8571475024454651
5.747385789073575	0.8571475024454651
5.7257788530504445	0.8632930705877557
5.7257795540069925	0.8632930705877557
5.813756009996617	0.8387974429714354
5.813756337963026	0.8387974429714354
5.906982814513681	0.814301815355115
5.906983533704643	0.814301815355115
6.006014069505457	0.7898061877387947
6.006014886254141	0.7898061877387947
6.111488071459706	0.7653105601224743
6.111489140406014	0.7653105601224743
6.224146138259591	0.7408149325061539
6.2241475305088025	0.7408149325061539
6.20125525994681	0.7456598355572693
6.201255941502718	0.7456598355572693
6.296082788296425	0.7260091109920646
6.296083110960051	0.7260091109920646
6.396469835034546	0.7063583864268596
6.396470531454145	0.7063583864268596
6.502988960189455	0.6867076618616547
6.502989747824915	0.6867076618616547
6.616296605291512	0.6670569372964498
6.616297630507477	0.6670569372964498
6.737152108773511	0.6474062127312448
6.737153436027117	0.6474062127312448
6.712985037788901	0.651233102650606
6.712985695316063	0.651233102650606
6.815019073368468	0.6354092680047623
6.815019389208895	0.6354092680047623
